Rk,Year,Date,G#,Week,Age,Tm,,Opp,Result,GS,Cmp,Att,Cmp%,Yds,TD,Int,Rate,Sk,Yds,Y/A,AY/A,Att,Yds,Y/A,TD,Tgt,Rec,Yds,Y/R,TD,Ctch%,Y/Tgt,2PM,TD,Pts,Sk,Solo,Ast,Comb,TFL,QBHits,Fmb,FL,FF,FR,Yds,TD,Num,Pct,Num,Pct,Num,Pct,Status
1,2018,2018-09-09,1,1,22.111,BUF,@,BAL,L 3-47,,6,15,40.00,74,0,0,56.0,3,16,4.93,4.93,4,26,6.50,0,0,0,0,,0,0.0%,,,0,0,0.0,0,0,0,,,0,0,0,0,0,0,32,50%,0,0%,0,0%,
2,2018,2018-09-16,2,2,22.118,BUF,,LAC,L 20-31,*,18,33,54.55,245,1,2,63.3,5,36,7.42,5.30,8,32,4.00,0,0,0,0,,0,0.0%,,,0,0,0.0,0,0,0,,,0,0,0,0,0,0,62,100%,0,0%,0,0%,
3,2018,2018-09-23,3,3,22.125,BUF,@,MIN,W 27-6,*,15,22,68.18,196,1,0,111.2,3,32,8.91,9.82,10,39,3.90,2,0,0,0,,0,0.0%,,,2,12,0.0,0,0,0,0,0,3,0,0,2,-14,0,67,100%,0,0%,0,0%,
4,2018,2018-09-30,4,4,22.132,BUF,@,GNB,L 0-22,*,16,33,48.48,151,0,2,36.3,7,64,4.58,1.85,5,19,3.80,0,0,0,0,,0,0.0%,,,0,0,0.0,0,0,0,0,0,1,1,0,0,0,0,58,100%,0,0%,0,0%,
5,2018,2018-10-07,5,5,22.139,BUF,,TEN,W 13-12,*,10,19,52.63,82,0,1,42.0,1,3,4.32,1.95,4,19,4.75,1,0,0,0,,0,0.0%,,,1,6,0.0,0,0,0,,,0,0,0,0,0,0,65,100%,0,0%,0,0%,
6,2018,2018-10-14,6,6,22.146,BUF,@,HOU,L 13-20,*,10,17,58.82,84,0,0,71.7,2,16,4.94,4.94,4,20,5.00,0,0,0,0,,0,0.0%,,,0,0,0.0,0,0,0,,,0,0,0,0,0,0,38,61%,0,0%,0,0%,
11,2018,2018-11-25,11,12,22.188,BUF,,JAX,W 24-21,*,8,19,42.11,160,1,0,89.8,0,0,8.42,9.47,13,99,7.62,1,0,0,0,,0,0.0%,,,1,6,0.0,0,0,0,,,1,0,0,0,0,0,58,100%,0,0%,0,0%,
12,2018,2018-12-02,12,13,22.195,BUF,@,MIA,L 17-21,*,18,33,54.55,231,2,2,71.7,2,14,7.00,5.48,9,135,15.00,0,0,0,0,,0,0.0%,,,0,0,0.0,0,0,0,,,1,0,0,0,0,0,72,100%,0,0%,0,0%,
13,2018,2018-12-09,13,14,22.202,BUF,,NYJ,L 23-27,*,18,36,50.00,206,0,2,44.4,3,14,5.72,3.22,9,101,11.22,1,1,0,0,,0,0.0%,0.00,,1,6,0.0,0,0,0,,,1,1,0,0,0,0,76,100%,0,0%,0,0%,
14,2018,2018-12-16,14,15,22.209,BUF,,DET,W 14-13,*,13,26,50.00,204,1,0,89.3,1,9,7.85,8.62,9,16,1.78,1,0,0,0,,0,0.0%,,,1,6,0.0,0,0,0,,,1,0,0,0,0,0,68,100%,0,0%,0,0%,
15,2018,2018-12-23,15,16,22.216,BUF,@,NWE,L 12-24,*,20,41,48.78,217,1,2,52.6,0,0,5.29,3.59,5,30,6.00,0,0,0,0,,0,0.0%,,,0,0,0.0,0,0,0,,,0,0,0,0,0,0,61,100%,0,0%,0,0%,
16,2018,2018-12-30,16,17,22.223,BUF,,MIA,W 42-17,*,17,26,65.38,224,3,1,114.9,1,9,8.62,9.19,9,95,10.56,2,0,0,0,,0,0.0%,,,2,12,0.0,0,0,0,,,0,0,0,0,0,0,62,100%,0,0%,0,0%,
17,2019,2019-09-08,1,1,23.110,BUF,@,NYJ,W 17-16,*,24,37,64.86,254,1,2,71.2,1,12,6.86,4.97,10,38,3.80,1,0,0,0,,0,0.0%,,,1,6,0.0,0,0,0,0,0,2,2,0,0,-1,0,66,100%,0,0%,0,0%,
18,2019,2019-09-15,2,2,23.117,BUF,@,NYG,W 28-14,*,19,30,63.33,253,1,0,101.1,3,16,8.43,9.10,7,21,3.00,1,0,0,0,,0,0.0%,,,1,6,0.0,0,0,0,0,0,0,0,0,0,0,0,70,100%,0,0%,0,0%,
19,2019,2019-09-22,3,3,23.124,BUF,,CIN,W 21-17,*,23,36,63.89,243,1,1,81.1,1,2,6.75,6.06,9,46,5.11,0,0,0,0,,0,0.0%,,,0,0,0.0,0,0,0,0,0,2,0,0,1,0,0,76,99%,0,0%,0,0%,
20,2019,2019-09-29,4,4,23.131,BUF,,NWE,L 10-16,*,13,28,46.43,153,0,3,24.0,4,31,5.46,0.64,5,26,5.20,1,0,0,0,,0,0.0%,,,1,6,0.0,0,0,0,0,0,1,0,0,0,0,0,58,73%,0,0%,0,0%,
21,2019,2019-10-06,5,5,23.138,BUF,@,TEN,W 14-7,*,23,32,71.88,219,2,1,98.3,4,15,6.84,6.69,10,27,2.70,0,0,0,0,,0,0.0%,,,0,0,0.0,0,0,0,0,0,0,0,0,0,0,0,64,100%,0,0%,0,0%,
22,2019,2019-10-20,6,7,23.152,BUF,,MIA,W 31-21,*,16,26,61.54,202,2,0,111.4,2,14,7.77,9.31,4,32,8.00,0,0,0,0,,0,0.0%,,1,0,2,0.0,0,0,0,0,0,0,0,0,0,0,0,55,100%,0,0%,0,0%,
23,2019,2019-10-27,7,8,23.159,BUF,,PHI,L 13-31,*,16,34,47.06,169,2,0,81.6,4,14,4.97,6.15,8,45,5.63,0,0,0,0,,0,0.0%,,,0,0,0.0,0,0,0,0,0,3,1,0,1,0,0,59,100%,0,0%,0,0%,
24,2019,2019-11-03,8,9,23.166,BUF,,WAS,W 24-9,*,14,20,70.00,160,1,0,110.4,2,14,8.00,9.00,8,12,1.50,1,0,0,0,,0,0.0%,,,1,6,0.0,0,0,0,0,0,2,0,0,1,0,0,62,100%,0,0%,0,0%,
25,2019,2019-11-10,9,10,23.173,BUF,@,CLE,L 16-19,*,22,41,53.66,266,0,0,73.8,1,6,6.49,6.49,6,28,4.67,2,0,0,0,,0,0.0%,,,2,12,0.0,0,0,0,0,0,1,0,0,0,0,0,68,100%,0,0%,0,0%,
26,2019,2019-11-17,10,11,23.180,BUF,@,MIA,W 37-20,*,21,33,63.64,256,3,0,117.7,0,0,7.76,9.58,7,56,8.00,1,0,0,0,,0,0.0%,,,1,6,0.0,0,0,0,0,0,0,0,0,0,0,0,71,100%,0,0%,0,0%,
27,2019,2019-11-24,11,12,23.187,BUF,,DEN,W 20-3,*,15,25,60.00,185,2,1,92.9,1,5,7.40,7.20,9,56,6.22,0,0,0,0,,0,0.0%,,,0,0,0.0,0,0,0,0,0,0,0,0,0,0,0,74,100%,0,0%,0,0%,
28,2019,2019-11-28,12,13,23.191,BUF,@,DAL,W 26-15,*,19,24,79.17,231,1,0,120.7,4,27,9.63,10.46,10,43,4.30,1,0,0,0,,0,0.0%,,,1,6,0.0,0,0,0,0,0,1,0,0,1,0,0,66,100%,0,0%,0,0%,
29,2019,2019-12-08,13,14,23.201,BUF,,BAL,L 17-24,*,17,39,43.59,146,1,0,62.6,6,41,3.74,4.26,2,9,4.50,0,0,0,0,,0,0.0%,,,0,0,0.0,0,0,0,0,0,2,1,0,0,0,0,73,100%,0,0%,0,0%,
30,2019,2019-12-15,14,15,23.208,BUF,@,PIT,W 17-10,*,13,25,52.00,139,1,1,65.2,1,8,5.56,4.56,7,28,4.00,1,0,0,0,,0,0.0%,,,1,6,0.0,0,0,0,0,0,0,0,0,0,0,0,65,100%,0,0%,0,0%,
31,2019,2019-12-21,15,16,23.214,BUF,@,NWE,L 17-24,*,13,26,50.00,208,2,0,102.7,4,32,8.00,9.54,7,43,6.14,0,0,0,0,,0,0.0%,,,0,0,0.0,0,0,0,0,0,0,0,0,0,0,0,54,100%,0,0%,0,0%,
32,2019,2019-12-29,16,17,23.222,BUF,,NYJ,L 6-13,*,3,5,60.00,5,0,0,64.6,0,0,1.00,1.00,0,0,,0,0,0,0,,0,0.0%,,,0,0,0.0,0,0,0,0,0,0,0,0,0,0,0,7,11%,0,0%,0,0%,
33,2020,2020-09-13,1,1,24.115,BUF,,NYJ,W 27-17,*,33,46,71.74,312,2,0,104.6,3,6,6.78,7.65,14,57,4.07,1,0,0,0,,0,0.0%,,,1,6,0.0,0,0,0,0,0,2,2,0,0,0,0,87,100%,0,0%,0,0%,
34,2020,2020-09-20,2,2,24.122,BUF,@,MIA,W 31-28,*,24,35,68.57,415,4,0,146.7,1,4,11.86,14.14,4,19,4.75,0,0,0,0,,0,0.0%,,,0,0,0.0,0,0,0,0,0,0,0,0,0,0,0,61,100%,0,0%,0,0%,
35,2020,2020-09-27,3,3,24.129,BUF,,LAR,W 35-32,*,24,33,72.73,311,4,1,128.9,4,37,9.42,10.48,4,8,2.00,1,0,0,0,,0,0.0%,,,1,6,0.0,0,0,0,0,0,1,1,0,0,0,0,62,100%,0,0%,0,0%,
36,2020,2020-10-04,4,4,24.136,BUF,@,LVR,W 30-23,*,24,34,70.59,288,2,0,115.8,1,14,8.47,9.65,3,-1,-0.33,1,0,0,0,,0,0.0%,,,1,6,0.0,0,0,0,0,0,0,0,0,0,0,0,61,100%,0,0%,0,0%,
37,2020,2020-10-13,5,5,24.145,BUF,@,TEN,L 16-42,*,26,41,63.41,263,2,2,77.6,1,10,6.41,5.20,4,18,4.50,0,0,0,0,,0,0.0%,,,0,0,0.0,0,0,0,0,0,0,0,0,0,0,0,65,90%,0,0%,0,0%,
38,2020,2020-10-19,6,6,24.151,BUF,,KAN,L 17-26,*,14,27,51.85,122,2,1,73.4,0,0,4.52,4.33,8,42,5.25,0,0,0,0,,0,0.0%,,,0,0,0.0,0,0,0,0,0,0,0,0,0,0,0,53,100%,0,0%,0,0%,
39,2020,2020-10-25,7,7,24.157,BUF,@,NYJ,W 18-10,*,30,43,69.77,307,0,0,90.0,2,11,7.14,7.14,11,61,5.55,0,0,0,0,,0,0.0%,,,0,0,0.0,0,0,0,0,0,1,1,0,0,0,0,74,100%,0,0%,0,0%,
40,2020,2020-11-01,8,8,24.164,BUF,,NWE,W 24-21,*,11,18,61.11,154,0,1,65.5,1,5,8.56,6.06,10,23,2.30,1,0,0,0,,0,0.0%,,,1,6,0.0,0,0,0,0,0,0,0,0,0,0,0,58,100%,0,0%,0,0%,
41,2020,2020-11-08,9,9,24.171,BUF,,SEA,W 44-34,*,31,38,81.58,415,3,0,138.5,7,29,10.92,12.50,7,14,2.00,1,0,0,0,,0,0.0%,,,1,6,0.0,0,0,0,0,0,0,0,0,0,0,0,68,100%,0,0%,0,0%,
42,2020,2020-11-15,10,10,24.178,BUF,@,ARI,L 30-32,*,32,49,65.31,284,2,2,77.3,0,0,5.80,4.78,7,38,5.43,0,1,1,12,12.00,1,100.0%,12.00,,1,6,0.0,0,0,0,0,0,0,0,0,0,0,0,73,100%,0,0%,0,0%,
43,2020,2020-11-29,11,12,24.192,BUF,,LAC,W 27-17,*,18,24,75.00,157,1,1,88.4,2,10,6.54,5.50,9,32,3.56,1,0,0,0,,0,0.0%,,,1,6,0.0,0,0,0,0,0,1,1,0,0,-2,0,61,98%,0,0%,0,0%,
44,2020,2020-12-07,12,13,24.200,BUF,@,SFO,W 34-24,*,32,40,80.00,375,4,0,139.1,1,7,9.38,11.38,6,11,1.83,0,0,0,0,,0,0.0%,,,0,0,0.0,0,0,0,0,0,2,1,0,0,0,0,73,100%,0,0%,0,0%,
45,2020,2020-12-13,13,14,24.206,BUF,,PIT,W 26-15,*,24,43,55.81,238,2,1,77.5,1,8,5.53,5.42,6,28,4.67,0,0,0,0,,0,0.0%,,,0,0,0.0,0,0,0,0,0,1,0,0,0,0,0,75,100%,0,0%,0,0%,
46,2020,2020-12-19,14,15,24.212,BUF,@,DEN,W 48-19,*,28,40,70.00,359,2,0,114.5,1,7,8.98,9.98,3,33,11.00,2,0,0,0,,0,0.0%,,,2,12,0.0,0,0,0,0,0,1,0,0,1,0,0,72,99%,0,0%,0,0%,
47,2020,2020-12-28,15,16,24.221,BUF,@,NWE,W 38-9,*,27,36,75.00,320,4,0,138.7,0,0,8.89,11.11,4,35,8.75,0,0,0,0,,0,0.0%,,,0,0,0.0,0,0,0,0,0,0,0,0,0,0,0,57,79%,0,0%,0,0%,
48,2020,2021-01-03,16,17,24.227,BUF,,MIA,W 56-26,*,18,25,72.00,224,3,1,122.3,1,11,8.96,9.56,2,3,1.50,0,0,0,0,,0,0.0%,,,0,0,0.0,0,0,0,0,0,0,0,0,0,0,0,35,55%,0,0%,0,0%,
49,2021,2021-09-12,1,1,25.114,BUF,,PIT,L 16-23,*,30,51,58.82,270,1,0,79.7,3,16,5.29,5.69,9,44,4.89,0,0,0,0,,0,0.0%,,,0,0,0.0,0,0,0,0,0,2,1,0,1,0,0,85,100%,0,0%,0,0%,
50,2021,2021-09-19,2,2,25.121,BUF,@,MIA,W 35-0,*,17,33,51.52,179,2,1,75.2,1,8,5.42,5.27,5,35,7.00,0,0,0,0,,0,0.0%,,,0,0,0.0,0,0,0,0,0,0,0,0,0,0,0,63,97%,0,0%,0,0%,
51,2021,2021-09-26,3,3,25.128,BUF,,WAS,W 43-21,*,32,43,74.42,358,4,0,129.8,0,0,8.33,10.19,4,9,2.25,1,0,0,0,,0,0.0%,,,1,6,0.0,0,0,0,0,0,0,0,0,0,0,0,71,90%,0,0%,0,0%,
52,2021,2021-10-03,4,4,25.135,BUF,,HOU,W 40-0,*,20,30,66.67,248,2,1,100.4,1,5,8.27,8.10,6,41,6.83,0,0,0,0,,0,0.0%,,,0,0,0.0,0,0,0,0,0,1,0,0,1,-2,0,63,88%,0,0%,0,0%,
53,2021,2021-10-10,5,5,25.142,BUF,@,KAN,W 38-20,*,15,26,57.69,315,3,0,139.1,0,0,12.12,14.42,11,59,5.36,1,0,0,0,,0,0.0%,,,1,6,0.0,0,0,0,0,0,0,0,0,0,0,0,57,100%,0,0%,0,0%,
54,2021,2021-10-18,6,6,25.150,BUF,@,TEN,L 31-34,*,35,47,74.47,353,3,1,107.8,3,18,7.51,7.83,9,26,2.89,0,0,0,0,,0,0.0%,,1,0,2,0.0,0,0,0,0,0,0,0,0,0,0,0,77,100%,0,0%,0,0%,
55,2021,2021-10-31,7,8,25.163,BUF,,MIA,W 26-11,*,29,42,69.05,249,2,0,100.2,0,0,5.93,6.88,8,55,6.88,1,0,0,0,,0,0.0%,,,1,6,0.0,0,0,0,0,0,1,0,0,0,0,0,73,100%,0,0%,0,0%,
56,2021,2021-11-07,8,9,25.170,BUF,@,JAX,L 6-9,*,31,47,65.96,264,0,2,62.7,4,35,5.62,3.70,5,50,10.00,0,0,0,0,,0,0.0%,,,0,0,0.0,1,0,1,0,0,1,1,0,0,0,0,67,100%,0,0%,0,0%,
57,2021,2021-11-14,9,10,25.177,BUF,@,NYJ,W 45-17,*,21,28,75.00,366,2,1,125.6,2,16,13.07,12.89,2,3,1.50,0,0,0,0,,0,0.0%,,,0,0,0.0,0,0,0,0,0,0,0,0,0,0,0,54,93%,0,0%,0,0%,
58,2021,2021-11-21,10,11,25.184,BUF,,IND,L 15-41,*,21,35,60.00,209,2,2,72.2,1,8,5.97,4.54,2,18,9.00,0,0,0,0,,0,0.0%,,1,0,2,0.0,0,0,0,0,0,1,0,0,0,0,0,50,89%,0,0%,0,0%,
59,2021,2021-11-25,11,12,25.188,BUF,@,NOR,W 31-6,*,23,28,82.14,260,4,2,115.2,2,12,9.29,8.93,8,43,5.38,0,0,0,0,,0,0.0%,,,0,0,0.0,0,0,0,0,0,0,0,0,0,0,0,63,95%,0,0%,0,0%,
60,2021,2021-12-06,12,13,25.199,BUF,,NWE,L 10-14,*,15,30,50.00,145,1,0,75.0,2,14,4.83,5.50,6,39,6.50,0,0,0,0,,0,0.0%,,,0,0,0.0,0,0,0,0,0,1,1,0,0,-2,0,58,100%,0,0%,0,0%,
61,2021,2021-12-12,13,14,25.205,BUF,@,TAM,L 27-33,*,36,54,66.67,308,2,1,86.0,3,15,5.70,5.61,12,109,9.08,1,0,0,0,,0,0.0%,,,1,6,0.0,0,0,0,0,0,0,0,0,0,0,0,78,100%,0,0%,0,0%,
62,2021,2021-12-19,14,15,25.212,BUF,,CAR,W 31-14,*,19,34,55.88,210,3,1,91.5,4,17,6.18,6.62,3,24,8.00,0,0,0,0,,0,0.0%,,,0,0,0.0,0,0,0,0,0,1,0,0,0,0,0,70,100%,0,0%,0,0%,
63,2021,2021-12-26,15,16,25.219,BUF,@,NWE,W 33-21,*,30,47,63.83,314,3,0,104.4,0,0,6.68,7.96,12,64,5.33,0,0,0,0,,0,0.0%,,,0,0,0.0,0,0,0,0,0,0,0,0,0,0,0,79,100%,0,0%,0,0%,
64,2021,2022-01-02,16,17,25.226,BUF,,ATL,W 29-15,*,11,26,42.31,120,0,3,17.0,0,0,4.62,-0.58,15,81,5.40,2,0,0,0,,0,0.0%,,,2,12,0.0,0,0,0,0,0,0,0,0,0,0,0,76,100%,0,0%,0,0%,
65,2021,2022-01-09,17,18,25.233,BUF,,NYJ,W 27-10,*,24,45,53.33,239,2,0,83.5,0,0,5.31,6.20,5,63,12.60,0,0,0,0,,0,0.0%,,,0,0,0.0,0,0,0,0,0,0,0,0,0,0,0,77,94%,0,0%,0,0%,
66,2022,2022-09-08,1,1,26.110,BUF,@,LAR,W 31-10,*,26,31,83.87,297,3,2,112.0,2,5,9.58,8.61,10,56,5.60,1,0,0,0,,0,0.0%,,,1,6,0.0,0,0,0,0,0,0,0,0,0,0,0,59,100%,0,0%,0,0%,
67,2022,2022-09-19,2,2,26.121,BUF,,TEN,W 41-7,*,26,38,68.42,317,4,0,128.9,1,4,8.34,10.45,1,10,10.00,0,0,0,0,,0,0.0%,,,0,0,0.0,0,0,0,0,0,0,0,0,0,0,0,52,76%,0,0%,0,0%,
68,2022,2022-09-25,3,3,26.127,BUF,@,MIA,L 19-21,*,42,63,66.67,400,2,0,94.7,4,18,6.35,6.98,8,47,5.88,0,0,0,0,,0,0.0%,,,0,0,0.0,0,0,0,0,0,3,1,0,1,-1,0,92,100%,0,0%,0,0%,
69,2022,2022-10-02,4,4,26.134,BUF,@,BAL,W 23-20,*,19,36,52.78,213,1,1,68.4,1,12,5.92,5.22,11,70,6.36,1,0,0,0,,0,0.0%,,,1,6,0.0,0,0,0,0,0,1,0,0,1,0,0,64,100%,0,0%,0,0%,
70,2022,2022-10-09,5,5,26.141,BUF,,PIT,W 38-3,*,20,31,64.52,424,4,1,134.1,0,0,13.68,14.81,5,42,8.40,0,0,0,0,,0,0.0%,,,0,0,0.0,0,0,0,0,0,0,0,0,0,0,0,48,86%,0,0%,0,0%,
71,2022,2022-10-16,6,6,26.148,BUF,@,KAN,W 24-20,*,27,40,67.50,329,3,0,117.6,1,11,8.23,9.73,12,32,2.67,0,0,0,0,,0,0.0%,,,0,0,0.0,0,0,0,0,0,1,1,0,0,0,0,73,100%,0,0%,0,0%,
72,2022,2022-10-30,7,8,26.162,BUF,,GNB,W 27-17,*,13,25,52.00,218,2,2,75.1,2,2,8.72,6.72,6,49,8.17,0,0,0,0,,0,0.0%,,,0,0,0.0,0,0,0,0,0,0,0,0,0,0,0,59,100%,0,0%,0,0%,
73,2022,2022-11-06,8,9,26.169,BUF,@,NYJ,L 17-20,*,18,34,52.94,205,0,2,46.8,5,22,6.03,3.38,9,86,9.56,2,0,0,0,,0,0.0%,,,2,12,0.0,0,0,0,0,0,2,0,0,1,0,0,62,100%,0,0%,0,0%,
74,2022,2022-11-13,9,10,26.176,BUF,,MIN,L 30-33,*,29,43,67.44,330,1,2,78.6,2,19,7.67,6.05,6,84,14.00,0,0,0,0,,0,0.0%,,,0,0,0.0,2,0,2,0,0,1,1,0,0,-1,0,75,100%,0,0%,0,0%,
75,2022,2022-11-20,10,11,26.183,BUF,,CLE,W 31-23,*,18,27,66.67,197,1,0,100.4,2,11,7.30,8.04,3,7,2.33,0,0,0,0,,0,0.0%,,,0,0,0.0,0,0,0,0,0,0,0,0,0,0,0,65,100%,0,0%,0,0%,
76,2022,2022-11-24,11,12,26.187,BUF,@,DET,W 28-25,*,24,42,57.14,253,2,1,80.8,3,16,6.02,5.90,10,78,7.80,1,0,0,0,,0,0.0%,,,1,6,0.0,0,0,0,0,0,1,0,0,1,0,0,77,100%,0,0%,0,0%,
77,2022,2022-12-01,12,13,26.194,BUF,@,NWE,W 24-10,*,22,33,66.67,223,2,0,106.0,2,0,6.76,7.97,8,20,2.50,0,0,0,0,,0,0.0%,,,0,0,0.0,1,0,1,0,0,1,1,0,0,0,0,75,100%,0,0%,0,0%,
78,2022,2022-12-11,13,14,26.204,BUF,,NYJ,W 20-12,*,16,27,59.26,147,1,0,86.5,3,17,5.44,6.19,10,47,4.70,1,0,0,0,,0,0.0%,,,1,6,0.0,0,0,0,0,0,0,0,0,0,0,0,59,100%,0,0%,0,0%,
79,2022,2022-12-17,14,15,26.210,BUF,,MIA,W 32-29,*,25,40,62.50,304,4,0,119.2,2,8,7.60,9.60,10,77,7.70,0,0,0,0,,0,0.0%,,1,0,2,0.0,0,0,0,0,0,2,1,0,0,0,0,78,100%,0,0%,0,0%,
80,2022,2022-12-24,15,16,26.217,BUF,@,CHI,W 35-13,*,15,26,57.69,172,2,2,71.3,1,0,6.62,4.69,6,41,6.83,1,0,0,0,,0,0.0%,,,1,6,0.0,0,0,0,0,0,1,0,0,1,0,0,64,100%,0,0%,0,0%,
81,2022,2023-01-08,16,18,26.232,BUF,,NWE,W 35-23,*,19,31,61.29,254,3,1,106.1,2,17,8.19,8.68,9,16,1.78,0,0,0,0,,0,0.0%,,,0,0,0.0,0,0,0,0,0,0,0,0,0,0,0,59,100%,0,0%,0,0%,
82,2023,2023-09-11,1,1,27.113,BUF,@,NYJ,L 16-22,*,29,41,70.73,236,1,3,62.7,5,19,5.76,2.95,6,36,6.00,0,0,0,0,,0,0.0%,,,0,0,0.0,0,0,0,0,0,2,1,0,1,0,0,69,100%,0,0%,0,0%,
83,2023,2023-09-17,2,2,27.119,BUF,,LVR,W 38-10,*,31,37,83.78,274,3,0,124.5,2,7,7.41,9.03,3,7,2.33,0,0,0,0,,0,0.0%,,,0,0,0.0,0,0,0,0,0,0,0,0,0,0,0,74,95%,0,0%,0,0%,
84,2023,2023-09-24,3,3,27.126,BUF,@,WAS,W 37-3,*,20,32,62.50,218,1,1,79.9,0,0,6.81,6.03,3,46,15.33,1,0,0,0,,0,0.0%,,,1,6,0.0,0,0,0,0,0,0,0,0,0,0,0,57,84%,0,0%,0,0%,
85,2023,2023-10-01,4,4,27.133,BUF,,MIA,W 48-20,*,21,25,84.00,320,4,0,158.3,2,10,12.80,16.00,4,17,4.25,1,0,0,0,,0,0.0%,,,1,6,0.0,0,0,0,0,0,0,0,0,0,0,0,50,86%,0,0%,0,0%,
86,2023,2023-10-08,5,5,27.140,BUF,,JAX,L 20-25,*,27,40,67.50,359,2,1,102.0,0,0,8.98,8.85,4,14,3.50,1,0,0,0,,0,0.0%,,,1,6,0.0,0,0,0,0,0,0,0,0,0,0,0,60,100%,0,0%,0,0%,
87,2023,2023-10-15,6,6,27.147,BUF,,NYG,W 14-9,*,19,30,63.33,169,2,1,86.7,0,0,5.63,5.47,2,11,5.50,0,0,0,0,,0,0.0%,,,0,0,0.0,0,0,0,0,0,0,0,0,0,0,0,59,97%,0,0%,0,0%,
88,2023,2023-10-22,7,7,27.154,BUF,@,NWE,L 25-29,*,27,41,65.85,265,2,1,90.0,1,7,6.46,6.34,7,17,2.43,1,0,0,0,,0,0.0%,,,1,6,0.0,0,0,0,0,0,1,1,0,0,0,0,71,100%,0,0%,0,0%,
89,2023,2023-10-26,8,8,27.158,BUF,,TAM,W 24-18,*,31,40,77.50,324,2,1,106.7,2,12,8.10,7.98,7,41,5.86,1,0,0,0,,0,0.0%,,,1,6,0.0,0,0,0,0,0,0,0,0,0,0,0,69,100%,0,0%,0,0%,
90,2023,2023-11-05,9,9,27.168,BUF,@,CIN,L 18-24,*,26,38,68.42,258,1,1,85.2,1,9,6.79,6.13,8,44,5.50,1,0,0,0,,0,0.0%,,,1,6,0.0,0,0,0,0,0,0,0,0,0,0,0,58,100%,0,0%,0,0%,
91,2023,2023-11-13,10,10,27.176,BUF,,DEN,L 22-24,*,15,26,57.69,177,1,2,59.3,0,0,6.81,4.12,4,13,3.25,1,0,0,0,,0,0.0%,,,1,6,0.0,0,0,0,0,0,1,1,0,0,-4,0,54,100%,0,0%,0,0%,
92,2023,2023-11-19,11,11,27.182,BUF,,NYJ,W 32-6,*,20,32,62.50,275,3,1,108.2,1,12,8.59,9.06,5,15,3.00,0,0,0,0,,0,0.0%,,,0,0,0.0,0,0,0,0,0,0,0,0,0,0,0,72,95%,0,0%,0,0%,
93,2023,2023-11-26,12,12,27.189,BUF,@,PHI,L 34-37,*,29,51,56.86,339,2,1,82.1,1,7,6.65,6.55,9,81,9.00,2,0,0,0,,0,0.0%,,,2,12,0.0,0,0,0,0,0,0,0,0,0,0,0,95,100%,0,0%,0,0%,
94,2023,2023-12-10,13,14,27.203,BUF,@,KAN,W 20-17,*,23,42,54.76,233,1,1,68.8,3,24,5.55,4.95,10,32,3.20,1,0,0,0,,0,0.0%,,,1,6,0.0,0,0,0,0,0,0,0,0,0,0,0,77,100%,0,0%,0,0%,
95,2023,2023-12-17,14,15,27.210,BUF,,DAL,W 31-10,*,7,15,46.67,94,1,0,89.3,1,9,6.27,7.60,8,24,3.00,1,0,0,0,,0,0.0%,,,1,6,0.0,0,0,0,0,0,0,0,0,0,0,0,61,90%,0,0%,0,0%,
96,2023,2023-12-23,15,16,27.216,BUF,@,LAC,W 24-22,*,15,21,71.43,237,1,1,104.7,1,7,11.29,10.10,5,15,3.00,2,0,0,0,,0,0.0%,,,2,12,0.0,0,0,0,0,0,0,0,0,0,0,0,55,100%,0,0%,0,0%,
97,2023,2023-12-31,16,17,27.224,BUF,,NWE,W 27-21,*,15,30,50.00,169,0,1,53.3,1,15,5.63,4.13,11,44,4.00,2,0,0,0,,0,0.0%,,,2,12,0.0,0,0,0,0,0,2,0,0,0,0,0,67,97%,0,0%,0,0%,
98,2023,2024-01-07,17,18,27.231,BUF,@,MIA,W 21-14,*,30,38,78.95,359,2,2,101.6,3,14,9.45,8.13,15,67,4.47,0,0,0,0,,0,0.0%,,,0,0,0.0,0,0,0,0,0,1,1,0,0,0,0,78,100%,0,0%,0,0%,
99,2024,2024-09-08,1,1,28.110,BUF,,ARI,W 34-28,*,18,23,78.26,232,2,0,137.7,2,10,10.09,11.83,9,39,4.33,2,0,0,0,,0,0.0%,,,2,12,0.0,0,0,0,0,0,1,1,0,0,0,0,62,100%,0,0%,0,0%,
100,2024,2024-09-12,2,2,28.114,BUF,@,MIA,W 31-10,*,13,19,68.42,139,1,0,107.1,0,0,7.32,8.37,2,2,1.00,0,0,0,0,,0,0.0%,,,0,0,0.0,0,0,0,0,0,1,0,0,1,0,0,41,91%,0,0%,0,0%,
101,2024,2024-09-23,3,3,28.125,BUF,,JAX,W 47-10,*,23,30,76.67,263,4,0,142.1,0,0,8.77,11.43,6,44,7.33,0,0,0,0,,0,0.0%,,,0,0,0.0,0,0,0,0,0,0,0,0,0,0,0,56,88%,0,0%,0,0%,
102,2024,2024-09-29,4,4,28.131,BUF,@,BAL,L 10-35,*,16,29,55.17,180,0,0,73.9,3,27,6.21,6.21,5,21,4.20,0,0,0,0,,0,0.0%,,,0,0,0.0,0,0,0,0,0,1,1,0,0,0,0,51,86%,0,0%,0,0%,
103,2024,2024-10-06,5,5,28.138,BUF,@,HOU,L 20-23,*,9,30,30.00,131,1,0,56.4,1,5,4.37,5.03,4,54,13.50,0,0,0,0,,0,0.0%,,,0,0,0.0,0,0,0,0,0,0,0,0,0,0,0,60,98%,0,0%,0,0%,
104,2024,2024-10-14,6,6,28.146,BUF,@,NYJ,W 23-20,*,19,25,76.00,215,2,0,127.9,2,5,8.60,10.20,9,18,2.00,1,0,0,0,,0,0.0%,,,1,6,0.0,0,0,0,0,0,1,0,0,0,0,0,69,100%,0,0%,0,0%,
105,2024,2024-10-20,7,7,28.152,BUF,,TEN,W 34-10,*,21,33,63.64,323,2,0,116.1,1,8,9.79,11.00,3,1,0.33,0,0,0,0,,0,0.0%,,,0,0,0.0,0,0,0,0,0,0,0,0,0,0,0,55,100%,0,0%,0,0%,
106,2024,2024-10-27,8,8,28.159,BUF,@,SEA,W 31-10,*,24,34,70.59,283,2,1,102.9,1,2,8.32,8.18,7,25,3.57,0,0,0,0,,0,0.0%,,,0,0,0.0,0,0,0,0,0,1,0,0,0,0,0,69,91%,0,0%,0,0%,
107,2024,2024-11-03,9,9,28.166,BUF,,MIA,W 30-27,*,25,39,64.10,235,3,1,95.6,1,4,6.03,6.41,2,7,3.50,0,0,0,0,,0,0.0%,,,0,0,0.0,0,0,0,0,0,0,0,0,0,0,0,66,100%,0,0%,0,0%,
108,2024,2024-11-10,10,10,28.173,BUF,@,IND,W 30-20,*,22,37,59.46,280,0,2,60.6,2,0,7.57,5.14,8,50,6.25,1,0,0,0,,0,0.0%,,,1,6,0.0,0,0,0,0,0,0,0,0,0,0,0,73,99%,0,0%,0,0%,
109,2024,2024-11-17,11,11,28.180,BUF,,KAN,W 30-21,*,27,40,67.50,262,1,1,83.5,0,0,6.55,5.93,12,55,4.58,1,0,0,0,,0,0.0%,,,1,6,0.0,0,0,0,0,0,0,0,0,0,0,0,73,100%,0,0%,0,0%,
110,2024,2024-12-01,12,13,28.194,BUF,,SFO,W 35-10,*,13,17,76.47,148,2,0,141.3,0,0,8.71,11.06,3,18,6.00,1,0,0,7,,1,0.0%,,,2,12,0.0,0,0,0,0,0,0,0,0,0,0,0,43,74%,0,0%,0,0%,
111,2024,2024-12-08,13,14,28.201,BUF,@,LAR,L 42-44,*,22,37,59.46,342,3,0,117.2,0,0,9.24,10.86,10,82,8.20,3,0,0,0,,0,0.0%,,,3,18,0.0,0,0,0,0,0,0,0,0,0,0,0,60,100%,0,0%,0,0%,
112,2024,2024-12-15,14,15,28.208,BUF,@,DET,W 48-42,*,23,34,67.65,362,2,0,122.4,0,0,10.65,11.82,11,68,6.18,2,0,0,0,,0,0.0%,,,2,12,0.0,0,0,0,0,0,0,0,0,0,0,0,70,100%,0,0%,0,0%,