Rk,Year,Date,G#,Week,Age,Tm,,Opp,Result,GS,Cmp,Att,Cmp%,Yds,TD,Int,Rate,Sk,Yds,Y/A,AY/A,Att,Yds,Y/A,TD,Tgt,Rec,Yds,Y/R,TD,Ctch%,Y/Tgt,2PM,TD,Pts,Sk,Solo,Ast,Comb,TFL,QBHits,Fmb,FL,FF,FR,Yds,TD,Num,Pct,Num,Pct,Num,Pct,Status
1,2009,2009-09-13,1,1,21.218,DET,@,NOR,L 27-45,*,16,37,43.24,205,0,3,27.4,1,7,5.54,1.89,2,0,0.00,1,0,0,0,,0,0.0%,,,1,6,0.0,0,0,0,,,0,,0,0,0,0,,,,,,,
2,2009,2009-09-20,2,2,21.225,DET,,MIN,L 13-27,*,18,30,60.00,152,1,2,56.5,2,16,5.07,2.73,1,7,7.00,0,0,0,0,,0,0.0%,,,0,0,0.0,0,0,0,0,0,1,0,0,0,0,0,,,,,,,
3,2009,2009-09-27,3,3,21.232,DET,,WAS,W 19-14,*,21,36,58.33,241,1,0,87.8,2,14,6.69,7.25,2,23,11.50,0,0,0,0,,0,0.0%,,,0,0,0.0,0,0,0,,,0,,0,0,0,0,,,,,,,
4,2009,2009-10-04,4,4,21.239,DET,@,CHI,L 24-48,*,24,36,66.67,296,1,1,89.6,5,42,8.22,7.53,2,20,10.00,0,0,0,0,,0,0.0%,,,0,0,0.0,0,0,0,,,1,1,0,0,0,0,,,,,,,
7,2009,2009-11-01,7,8,21.267,DET,,STL,L 10-17,*,14,33,42.42,168,0,1,46.0,2,6,5.09,3.73,1,4,4.00,1,0,0,0,,0,0.0%,,,1,6,0.0,0,0,0,,,0,,0,0,0,0,,,,,,,
8,2009,2009-11-08,8,9,21.274,DET,@,SEA,L 20-32,*,22,42,52.38,203,2,5,42.2,2,17,4.83,0.43,0,0,,0,0,0,0,,0,0.0%,,,0,0,0.0,0,0,0,0,0,1,0,0,1,0,0,,,,,,,
9,2009,2009-11-15,9,10,21.281,DET,@,MIN,L 10-27,*,29,51,56.86,224,1,0,74.3,3,20,4.39,4.78,4,28,7.00,0,0,0,0,,0,0.0%,,,0,0,0.0,0,0,0,,,0,,0,0,0,0,,,,,,,
10,2009,2009-11-22,10,11,21.288,DET,,CLE,W 38-37,*,26,43,60.47,422,5,2,112.7,2,6,9.81,10.05,2,7,3.50,0,0,0,0,,0,0.0%,,,0,0,0.0,0,0,0,0,0,1,0,0,1,0,0,,,,,,,
11,2009,2009-11-26,11,12,21.292,DET,,GNB,L 12-34,*,20,43,46.51,213,1,4,30.5,2,14,4.95,1.23,3,21,7.00,0,0,0,0,,0,0.0%,,,0,0,0.0,0,0,0,,,0,,0,0,0,0,,,,,,,
12,2009,2009-12-06,12,13,21.302,DET,@,CIN,L 13-23,*,11,26,42.31,143,1,2,41.0,3,27,5.50,2.81,3,-2,-0.67,0,0,0,0,,0,0.0%,,,0,0,0.0,0,0,0,,,0,,0,0,0,0,,,,,,,
17,2010,2010-09-12,1,1,22.217,DET,@,CHI,L 14-19,*,11,15,73.33,83,0,0,86.2,1,14,5.53,5.53,0,0,,0,0,0,0,,0,0.0%,,,0,0,0.0,0,0,0,,,1,1,0,0,0,0,,,,,,,
23,2010,2010-10-31,7,8,22.266,DET,,WAS,W 37-25,*,26,45,57.78,212,4,1,90.2,1,10,4.71,5.49,0,0,,0,0,0,0,,0,0.0%,,,0,0,0.0,0,0,0,,,0,,0,0,0,0,,,,,,,
24,2010,2010-11-07,8,9,22.273,DET,,NYJ,L 20-23,*,20,36,55.56,240,2,0,94.7,2,12,6.67,7.78,4,11,2.75,1,0,0,0,,0,0.0%,,,1,6,0.0,0,0,0,,,1,0,0,0,-5,0,,,,,,,
33,2011,2011-09-11,1,1,23.216,DET,@,TAM,W 27-20,*,24,33,72.73,305,3,1,118.9,0,0,9.24,9.70,1,0,0.00,0,0,0,0,,0,0.0%,,,0,0,0.0,0,0,0,0,0,1,0,0,1,-4,0,,,,,,,
34,2011,2011-09-18,2,2,23.223,DET,,KAN,W 48-3,*,23,39,58.97,294,4,1,106.1,0,0,7.54,8.44,1,1,1.00,0,0,0,0,,0,0.0%,,,0,0,0.0,0,0,0,,,0,,0,0,0,0,,,,,,,
35,2011,2011-09-25,3,3,23.230,DET,@,MIN,W 26-23,*,32,46,69.57,378,2,0,108.8,5,40,8.22,9.09,1,-1,-1.00,0,0,0,0,,0,0.0%,,,0,0,0.0,0,0,0,,,1,0,0,0,0,0,,,,,,,
36,2011,2011-10-02,4,4,23.237,DET,@,DAL,W 34-30,*,21,43,48.84,240,2,1,71.9,0,0,5.58,5.47,1,-1,-1.00,0,0,0,0,,0,0.0%,,,0,0,0.0,0,0,0,,,0,,0,0,0,0,,,,,,,
37,2011,2011-10-10,5,5,23.245,DET,,CHI,W 24-13,*,19,26,73.08,219,2,1,107.7,1,5,8.42,8.23,1,1,1.00,0,0,0,0,,0,0.0%,,,0,0,0.0,0,0,0,,,0,,0,0,0,0,,,,,,,
38,2011,2011-10-16,6,6,23.251,DET,,SFO,L 19-25,*,28,50,56.00,293,2,0,86.5,5,49,5.86,6.66,1,9,9.00,0,0,0,0,,0,0.0%,,,0,0,0.0,0,0,0,0,0,1,0,0,0,0,0,,,,,,,
39,2011,2011-10-23,7,7,23.258,DET,,ATL,L 16-23,*,15,32,46.88,183,1,0,75.4,3,24,5.72,6.34,0,0,,0,0,0,0,,0,0.0%,,,0,0,0.0,0,0,0,,,0,,0,0,0,0,,,,,,,
40,2011,2011-10-30,8,8,23.265,DET,@,DEN,W 45-10,*,21,30,70.00,267,3,0,130.8,2,9,8.90,10.90,1,21,21.00,0,0,0,0,,0,0.0%,,,0,0,0.0,0,0,0,,,0,,0,0,0,0,,,,,,,
41,2011,2011-11-13,9,10,23.279,DET,@,CHI,L 13-37,*,33,63,52.38,329,1,4,46.3,2,16,5.22,2.68,2,1,0.50,0,0,0,0,,0,0.0%,,,0,0,0.0,0,0,0,,,0,,0,0,0,0,,,,,,,
42,2011,2011-11-20,10,11,23.286,DET,,CAR,W 49-35,*,28,36,77.78,335,5,2,121.9,2,9,9.31,9.58,4,2,0.50,0,0,0,0,,0,0.0%,,,0,0,0.0,0,0,0,,,0,,0,0,0,0,,,,,,,
43,2011,2011-11-24,11,12,23.290,DET,,GNB,L 15-27,*,32,45,71.11,276,1,3,66.5,1,3,6.13,3.58,4,31,7.75,0,0,0,0,,0,0.0%,,,0,0,0.0,0,0,0,,,1,0,0,0,0,0,,,,,,,
44,2011,2011-12-04,12,13,23.300,DET,@,NOR,L 17-31,*,31,44,70.45,408,1,1,97.5,3,29,9.27,8.70,0,0,,0,0,0,0,,0,0.0%,,,0,0,0.0,0,0,0,,,0,,0,0,0,0,,,,,,,
45,2011,2011-12-11,13,14,23.307,DET,,MIN,W 34-28,*,20,29,68.97,227,2,0,115.2,5,19,7.83,9.21,2,4,2.00,0,0,0,0,,0,0.0%,,,0,0,0.0,0,0,0,,,0,,0,0,0,0,,,,,,,
46,2011,2011-12-18,14,15,23.314,DET,@,OAK,W 28-27,*,29,52,55.77,391,4,0,105.5,2,16,7.52,9.06,1,5,5.00,0,0,0,0,,0,0.0%,,,0,0,0.0,0,0,0,,,1,1,0,0,0,0,,,,,,,
47,2011,2011-12-24,15,16,23.320,DET,,SDG,W 38-10,*,29,36,80.56,373,3,0,137.6,3,20,10.36,12.03,2,5,2.50,0,0,0,0,,0,0.0%,,,0,0,0.0,0,0,0,,,0,,0,0,0,0,,,,,,,
48,2011,2012-01-01,16,17,23.328,DET,@,GNB,L 41-45,*,36,59,61.02,520,5,2,103.8,2,18,8.81,8.98,0,0,,0,0,0,0,,0,0.0%,,,0,0,0.0,0,0,0,,,0,,0,0,0,0,,,,,,,
49,2012,2012-09-09,1,1,24.215,DET,,STL,W 27-23,*,32,48,66.67,355,1,3,69.4,1,9,7.40,5.00,0,0,,0,1,1,3,3.00,0,100.0%,3.00,,0,0,0.0,0,0,0,,,0,0,0,0,0,0,67,100%,0,0%,0,0%,
50,2012,2012-09-16,2,2,24.222,DET,@,SFO,L 19-27,*,19,32,59.38,230,1,1,78.9,2,16,7.19,6.41,2,10,5.00,0,0,0,0,,0,0.0%,,,0,0,0.0,0,0,0,,,0,0,0,0,0,0,64,100%,0,0%,0,0%,
51,2012,2012-09-23,3,3,24.229,DET,@,TEN,L 41-44,*,33,42,78.57,278,1,0,102.2,1,8,6.62,7.10,2,12,6.00,0,0,0,0,,0,0.0%,,,0,0,0.0,0,0,0,,,0,0,0,0,0,0,77,80%,0,0%,0,0%,
52,2012,2012-09-30,4,4,24.236,DET,,MIN,L 13-20,*,30,51,58.82,319,0,0,77.2,5,33,6.25,6.25,4,14,3.50,1,0,0,0,,0,0.0%,,,1,6,0.0,0,0,0,,,0,0,0,0,0,0,78,100%,0,0%,0,0%,
53,2012,2012-10-14,5,6,24.250,DET,@,PHI,W 26-23,*,22,45,48.89,311,1,1,69.8,0,0,6.91,6.36,3,7,2.33,1,0,0,0,,0,0.0%,,,1,6,0.0,0,0,0,,,0,0,0,0,0,0,78,100%,0,0%,0,0%,
54,2012,2012-10-22,6,7,24.258,DET,@,CHI,L 7-13,*,28,46,60.87,263,1,1,74.8,3,20,5.72,5.17,3,21,7.00,0,0,0,0,,0,0.0%,,,0,0,0.0,0,0,0,0,0,0,0,0,0,0,0,68,100%,0,0%,0,0%,
55,2012,2012-10-28,7,8,24.264,DET,,SEA,W 28-24,*,34,49,69.39,352,3,1,101.7,2,21,7.18,7.49,4,12,3.00,1,0,0,0,,0,0.0%,,,1,6,0.0,0,0,0,,,0,0,0,0,0,0,73,100%,0,0%,0,0%,
56,2012,2012-11-04,8,9,24.271,DET,@,JAX,W 31-14,*,22,33,66.67,285,0,0,93.6,1,0,8.64,8.64,2,-2,-1.00,0,0,0,0,,0,0.0%,,,0,0,0.0,0,0,0,,,0,0,0,0,0,0,71,100%,0,0%,0,0%,
57,2012,2012-11-11,9,10,24.278,DET,@,MIN,L 24-34,*,28,42,66.67,329,3,1,104.2,2,21,7.83,8.19,3,13,4.33,0,0,0,0,,0,0.0%,,,0,0,0.0,0,0,0,0,0,1,0,0,1,-5,0,63,100%,0,0%,0,0%,
58,2012,2012-11-18,10,11,24.285,DET,,GNB,L 20-24,*,17,39,43.59,266,1,2,54.0,5,14,6.82,5.03,2,12,6.00,0,0,0,0,,0,0.0%,,,0,0,0.0,0,0,0,0,0,1,1,0,0,0,0,72,100%,0,0%,0,0%,
59,2012,2012-11-22,11,12,24.289,DET,,HOU,L 31-34,*,31,61,50.82,441,2,0,85.5,3,22,7.23,7.89,2,7,3.50,0,0,0,0,,0,0.0%,,,0,0,0.0,0,0,0,,,0,0,0,0,0,0,89,100%,0,0%,0,0%,
60,2012,2012-12-02,12,13,24.299,DET,,IND,L 33-35,*,27,46,58.70,313,2,1,84.8,0,0,6.80,6.70,1,0,0.00,0,0,0,0,,0,0.0%,,,0,0,0.0,0,0,0,0,0,1,0,0,1,-2,0,77,100%,0,0%,0,0%,
61,2012,2012-12-09,13,14,24.306,DET,@,GNB,L 20-27,*,27,45,60.00,264,1,1,74.7,1,13,5.87,5.31,3,9,3.00,1,0,0,0,,0,0.0%,,,1,6,0.0,0,0,0,,,1,1,0,0,0,0,84,100%,0,0%,0,0%,
62,2012,2012-12-16,14,15,24.313,DET,@,ARI,L 10-38,*,24,50,48.00,246,0,3,37.6,2,18,4.92,2.22,0,0,,0,0,0,0,,0,0.0%,,,0,0,0.0,0,0,0,,,0,0,0,0,0,0,77,100%,0,0%,0,0%,
63,2012,2012-12-22,15,16,24.319,DET,,ATL,L 18-31,*,37,56,66.07,443,0,1,82.7,0,0,7.91,7.11,1,2,2.00,0,0,0,0,,0,0.0%,,,0,0,0.0,0,0,0,0,0,0,0,0,0,0,0,78,100%,0,0%,0,0%,
64,2012,2012-12-30,16,17,24.327,DET,,CHI,L 24-26,*,24,42,57.14,272,3,1,90.6,1,17,6.48,6.83,3,9,3.00,0,0,0,0,,0,0.0%,,,0,0,0.0,0,0,0,0,0,2,2,0,0,0,0,64,100%,0,0%,0,0%,
65,2013,2013-09-08,1,1,25.213,DET,,MIN,W 34-24,*,28,43,65.12,357,2,1,96.8,0,0,8.30,8.19,6,-3,-0.50,0,0,0,0,,0,0.0%,,,0,0,0.0,0,0,0,0,0,1,0,0,1,-1,0,80,100%,0,0%,0,0%,
66,2013,2013-09-15,2,2,25.220,DET,@,ARI,L 21-25,*,24,36,66.67,278,2,0,108.3,1,5,7.72,8.83,2,1,0.50,0,0,0,0,,0,0.0%,,,0,0,0.0,0,0,0,,,1,1,0,0,-6,0,59,100%,0,0%,0,0%,
67,2013,2013-09-22,3,3,25.227,DET,@,WAS,W 27-20,*,25,42,59.52,385,2,1,95.8,1,7,9.17,9.05,1,2,2.00,0,0,0,0,,0,0.0%,,,0,0,0.0,0,0,0,,,0,0,0,0,0,0,67,100%,0,0%,0,0%,
68,2013,2013-09-29,4,4,25.234,DET,,CHI,W 40-32,*,23,35,65.71,242,1,1,83.3,1,14,6.91,6.20,5,8,1.60,1,0,0,0,,0,0.0%,,,1,6,0.0,0,0,0,0,0,2,1,0,1,0,0,66,100%,0,0%,0,0%,
69,2013,2013-10-06,5,5,25.241,DET,@,GNB,L 9-22,*,25,40,62.50,262,1,0,89.8,5,40,6.55,7.05,1,-1,-1.00,0,0,0,0,,0,0.0%,,,0,0,0.0,0,0,0,,,1,0,0,0,0,0,67,100%,0,0%,0,0%,
70,2013,2013-10-13,6,6,25.248,DET,@,CLE,W 31-17,*,25,43,58.14,248,4,1,95.9,1,0,5.77,6.58,2,6,3.00,0,0,0,0,,0,0.0%,,,0,0,0.0,0,1,1,,,0,0,0,0,0,0,75,100%,0,0%,0,0%,
71,2013,2013-10-20,7,7,25.255,DET,,CIN,L 24-27,*,28,51,54.90,357,3,0,96.6,0,0,7.00,8.18,0,0,,0,0,0,0,,0,0.0%,,,0,0,0.0,0,0,0,,,0,0,0,0,0,0,78,100%,0,0%,0,0%,
72,2013,2013-10-27,8,8,25.262,DET,,DAL,W 31-30,*,33,48,68.75,488,1,2,91.3,1,8,10.17,8.71,3,12,4.00,1,0,0,0,,0,0.0%,,,1,6,0.0,0,0,0,,,0,0,0,0,0,0,80,100%,0,0%,0,0%,
73,2013,2013-11-10,9,10,25.276,DET,@,CHI,W 21-19,*,18,35,51.43,219,3,1,87.7,0,0,6.26,6.69,2,-1,-0.50,0,0,0,0,,0,0.0%,,,0,0,0.0,0,0,0,0,0,1,0,0,0,-4,0,62,100%,0,0%,0,0%,
74,2013,2013-11-17,10,11,25.283,DET,@,PIT,L 27-37,*,19,46,41.30,362,2,1,74.7,2,18,7.87,7.76,3,24,8.00,0,0,0,0,,0,0.0%,,,0,0,0.0,0,0,0,0,0,0,0,0,0,0,0,73,100%,0,0%,0,0%,
75,2013,2013-11-24,11,12,25.290,DET,,TAM,L 21-24,*,26,46,56.52,297,3,4,61.6,2,11,6.46,3.85,2,6,3.00,0,0,0,0,,0,0.0%,,,0,0,0.0,0,0,0,,,0,0,0,0,0,0,76,100%,0,0%,0,0%,
76,2013,2013-11-28,12,13,25.294,DET,,GNB,W 40-10,*,22,35,62.86,330,3,2,98.5,1,10,9.43,8.57,1,8,8.00,0,0,0,0,,0,0.0%,,,0,0,0.0,0,0,0,0,0,1,1,0,0,0,0,79,98%,0,0%,0,0%,
77,2013,2013-12-08,13,14,25.304,DET,@,PHI,L 20-34,*,10,25,40.00,151,0,0,60.6,0,0,6.04,6.04,6,-1,-0.17,0,0,0,0,,0,0.0%,,,0,0,0.0,0,0,0,0,0,5,1,0,3,-24,0,61,100%,0,0%,0,0%,
78,2013,2013-12-16,14,15,25.312,DET,,BAL,L 16-18,*,18,34,52.94,235,1,3,48.0,1,5,6.91,3.53,2,9,4.50,0,0,0,0,,0,0.0%,,,0,0,0.0,0,0,0,,,0,0,0,0,0,0,65,100%,0,0%,0,0%,
79,2013,2013-12-22,15,16,25.318,DET,,NYG,L 20-23,*,25,42,59.52,222,0,2,53.9,2,15,5.29,3.14,1,-1,-1.00,0,0,0,0,,0,0.0%,,,0,0,0.0,0,0,0,0,0,0,0,0,0,0,0,85,100%,0,0%,0,0%,
80,2013,2013-12-29,16,17,25.325,DET,@,MIN,L 13-14,*,22,33,66.67,217,1,0,95.1,5,35,6.58,7.18,0,0,,0,0,0,0,,0,0.0%,,,0,0,0.0,0,0,0,,,0,0,0,0,0,0,60,100%,0,0%,0,0%,
81,2014,2014-09-08,1,1,26.213,DET,,NYG,W 35-14,*,22,32,68.75,346,2,0,125.3,1,5,10.81,12.06,4,2,0.50,1,0,0,0,,0,0.0%,,,1,6,0.0,0,0,0,,,0,0,0,0,0,0,67,100%,0,0%,0,0%,
82,2014,2014-09-14,2,2,26.219,DET,@,CAR,L 7-24,*,27,48,56.25,291,1,1,72.5,4,38,6.06,5.54,1,8,8.00,0,0,0,0,,0,0.0%,,,0,0,0.0,0,0,0,,,0,0,0,0,0,0,72,100%,0,0%,0,0%,
83,2014,2014-09-21,3,3,26.226,DET,,GNB,W 19-7,*,22,34,64.71,246,0,2,61.6,2,8,7.24,4.59,6,8,1.33,0,0,0,0,,0,0.0%,,,0,0,0.0,0,0,0,0,0,1,1,0,0,0,0,75,100%,0,0%,0,0%,
84,2014,2014-09-28,4,4,26.233,DET,@,NYJ,W 24-17,*,24,34,70.59,293,2,0,116.4,4,21,8.62,9.79,6,8,1.33,1,0,0,0,,0,0.0%,,,1,6,0.0,0,0,0,0,0,0,0,0,0,0,0,65,100%,0,0%,0,0%,
85,2014,2014-10-05,5,5,26.240,DET,,BUF,L 14-17,*,18,31,58.06,231,1,1,78.8,6,27,7.45,6.65,3,8,2.67,0,0,0,0,,0,0.0%,,,0,0,0.0,0,0,0,0,0,2,0,0,1,0,0,62,100%,0,0%,0,0%,
86,2014,2014-10-12,6,6,26.247,DET,@,MIN,W 17-3,*,19,33,57.58,185,1,0,83.5,4,30,5.61,6.21,1,1,1.00,0,0,0,0,,0,0.0%,,,0,0,0.0,0,0,0,,,0,0,0,0,0,0,70,100%,0,0%,0,0%,
87,2014,2014-10-19,7,7,26.254,DET,,NOR,W 24-23,*,27,40,67.50,299,2,2,85.3,3,14,7.48,6.23,2,1,0.50,0,0,0,0,,0,0.0%,,,0,0,0.0,0,0,0,0,0,0,0,0,0,0,0,70,100%,0,0%,0,0%,
88,2014,2014-10-26,8,8,26.261,DET,@,ATL,W 22-21,*,24,47,51.06,325,2,1,78.8,0,0,6.91,6.81,3,9,3.00,0,0,0,0,,0,0.0%,,,0,0,0.0,0,0,0,,,1,0,0,0,-5,0,75,100%,0,0%,0,0%,
89,2014,2014-11-09,9,10,26.275,DET,,MIA,W 20-16,*,25,40,62.50,280,2,1,89.6,3,19,7.00,6.88,2,-1,-0.50,0,0,0,0,,0,0.0%,,,0,0,0.0,0,0,0,,,0,0,0,0,0,0,67,100%,0,0%,0,0%,
90,2014,2014-11-16,10,11,26.282,DET,@,ARI,L 6-14,*,18,30,60.00,183,0,1,63.6,4,19,6.10,4.60,0,0,,0,0,0,0,,0,0.0%,,,0,0,0.0,0,0,0,0,0,1,0,0,1,0,0,56,100%,0,0%,0,0%,
91,2014,2014-11-23,11,12,26.289,DET,@,NWE,L 9-34,*,18,46,39.13,264,0,1,49.5,2,20,5.74,4.76,3,18,6.00,0,0,0,0,,0,0.0%,,,0,0,0.0,0,0,0,,,0,0,0,0,0,0,80,100%,0,0%,0,0%,
92,2014,2014-11-27,12,13,26.293,DET,,CHI,W 34-17,*,34,45,75.56,390,2,0,116.0,2,7,8.67,9.56,0,0,,0,0,0,0,,0,0.0%,,,0,0,0.0,0,0,0,0,0,1,1,0,0,0,0,73,100%,0,0%,0,0%,
93,2014,2014-12-07,13,14,26.303,DET,,TAM,W 34-17,*,26,34,76.47,311,3,0,133.3,4,17,9.15,10.91,3,-2,-0.67,0,0,0,0,,0,0.0%,,,0,0,0.0,0,0,0,0,0,1,0,0,1,0,0,69,100%,0,0%,0,0%,
94,2014,2014-12-14,14,15,26.310,DET,,MIN,W 16-14,*,17,28,60.71,153,1,0,87.4,0,0,5.46,6.18,1,2,2.00,0,0,0,0,,0,0.0%,,,0,0,0.0,0,0,0,,,0,0,0,0,0,0,51,100%,0,0%,0,0%,
95,2014,2014-12-21,15,16,26.317,DET,@,CHI,W 20-14,*,22,39,56.41,243,0,2,53.7,4,14,6.23,3.92,4,2,0.50,0,0,0,0,,0,0.0%,,,0,0,0.0,0,0,0,,,0,0,0,0,0,0,72,100%,0,0%,0,0%,
96,2014,2014-12-28,16,17,26.324,DET,@,GNB,L 20-30,*,20,41,48.78,217,3,0,89.2,2,15,5.29,6.76,4,29,7.25,0,0,0,0,,0,0.0%,,,0,0,0.0,0,0,0,,,1,1,0,0,0,0,69,100%,0,0%,0,0%,
97,2015,2015-09-13,1,1,27.218,DET,@,SDG,L 28-33,*,19,30,63.33,246,2,2,83.5,1,13,8.20,6.53,1,-1,-1.00,0,0,0,0,,0,0.0%,,,0,0,0.0,0,0,0,,,0,0,0,0,0,0,47,100%,0,0%,0,0%,
98,2015,2015-09-20,2,2,27.225,DET,@,MIN,L 16-26,*,32,53,60.38,286,2,1,79.6,1,1,5.40,5.30,4,20,5.00,0,0,0,0,,0,0.0%,,,0,0,0.0,0,0,0,,,0,0,0,0,0,0,78,100%,0,0%,0,0%,
99,2015,2015-09-27,3,3,27.232,DET,,DEN,L 12-24,*,31,45,68.89,282,1,2,74.5,4,20,6.27,4.71,1,-1,-1.00,0,1,1,-6,-6.00,0,100.0%,-6.00,,0,0,0.0,0,0,0,,,1,1,0,0,0,0,74,100%,0,0%,0,0%,
100,2015,2015-10-05,4,4,27.240,DET,@,SEA,L 10-13,*,24,35,68.57,203,0,0,83.4,0,0,5.80,5.80,0,0,,0,0,0,0,,0,0.0%,,,0,0,0.0,0,0,0,,,0,0,0,0,0,0,56,100%,0,0%,0,0%,
101,2015,2015-10-11,5,5,27.246,DET,,ARI,L 17-42,*,20,32,62.50,188,1,3,50.0,1,0,5.88,2.28,1,2,2.00,0,0,0,0,,0,0.0%,,,0,0,0.0,0,0,0,0,0,0,0,0,0,0,0,53,56%,0,0%,0,0%,
102,2015,2015-10-18,6,6,27.253,DET,,CHI,W 37-34,*,27,42,64.29,405,4,1,117.7,2,14,9.64,10.48,6,37,6.17,0,0,0,0,,0,0.0%,,,0,0,0.0,0,0,0,,,0,0,0,0,0,0,81,100%,0,0%,0,0%,
103,2015,2015-10-25,7,7,27.260,DET,,MIN,L 19-28,*,18,26,69.23,256,2,0,126.4,7,59,9.85,11.38,1,5,5.00,0,0,0,0,,0,0.0%,,,0,0,0.0,0,0,0,,,0,0,0,0,0,0,54,100%,0,0%,0,0%,
104,2015,2015-11-01,8,8,27.267,DET,@,KAN,L 10-45,*,22,36,61.11,217,1,2,64.2,6,32,6.03,4.08,1,5,5.00,0,0,0,0,,0,0.0%,,,0,0,0.0,0,0,0,,,0,0,0,0,0,0,56,93%,0,0%,0,0%,
105,2015,2015-11-15,9,10,27.281,DET,@,GNB,W 18-16,*,24,38,63.16,242,2,1,87.8,0,0,6.37,6.24,2,1,0.50,0,0,0,0,,0,0.0%,,,0,0,0.0,0,0,0,0,0,1,0,0,1,-5,0,65,100%,0,0%,0,0%,
106,2015,2015-11-22,10,11,27.288,DET,,OAK,W 18-13,*,22,35,62.86,282,0,0,88.0,4,16,8.06,8.06,6,31,5.17,1,0,0,0,,0,0.0%,,,1,6,0.0,0,0,0,,,0,0,0,0,0,0,72,100%,0,0%,0,0%,
107,2015,2015-11-26,11,12,27.292,DET,,PHI,W 45-14,*,27,38,71.05,337,5,0,137.8,2,15,8.87,11.50,2,13,6.50,0,0,0,0,,0,0.0%,,,0,0,0.0,0,0,0,,,0,0,0,0,0,0,72,100%,0,0%,0,0%,
108,2015,2015-12-03,12,13,27.299,DET,,GNB,L 23-27,*,23,35,65.71,220,2,0,102.1,3,15,6.29,7.43,2,22,11.00,0,0,0,0,,0,0.0%,,,0,0,0.0,0,0,0,,,1,1,0,0,0,0,65,100%,0,0%,0,0%,
109,2015,2015-12-13,13,14,27.309,DET,@,STL,L 14-21,*,30,46,65.22,245,2,1,84.1,4,25,5.33,5.22,2,5,2.50,0,0,0,0,,0,0.0%,,,0,0,0.0,0,0,0,0,0,1,0,0,1,0,0,71,100%,0,0%,0,0%,
110,2015,2015-12-21,14,15,27.317,DET,@,NOR,W 35-27,*,22,25,88.00,254,3,0,148.6,3,8,10.16,12.56,4,-1,-0.25,0,0,0,0,,0,0.0%,,,0,0,0.0,0,0,0,,,0,0,0,0,0,0,53,100%,0,0%,0,0%,
111,2015,2015-12-27,15,16,27.323,DET,,SFO,W 32-17,*,29,37,78.38,301,2,0,118.6,2,17,8.14,9.22,5,11,2.20,0,0,0,0,,0,0.0%,,,0,0,0.0,0,0,0,,,0,0,0,0,0,0,71,100%,0,0%,0,0%,
112,2015,2016-01-03,16,17,27.330,DET,@,CHI,W 24-20,*,28,39,71.79,298,3,0,119.4,4,16,7.64,9.18,6,10,1.67,0,0,0,0,,0,0.0%,,,0,0,0.0,0,0,0,,,0,0,0,0,0,0,65,100%,0,0%,0,0%,
113,2016,2016-09-11,1,1,28.217,DET,@,IND,W 39-35,*,31,39,79.49,340,3,0,128.6,1,8,8.72,10.26,2,5,2.50,0,0,0,0,,0,0.0%,,,0,0,0.0,0,0,0,,,0,0,0,0,0,0,65,100%,0,0%,0,0%,
114,2016,2016-09-18,2,2,28.224,DET,,TEN,L 15-16,*,22,40,55.00,260,1,1,72.9,4,22,6.50,5.88,2,31,15.50,0,0,0,0,,0,0.0%,,,0,0,0.0,0,0,0,,,0,0,0,0,0,0,79,100%,0,0%,0,0%,
115,2016,2016-09-25,3,3,28.231,DET,@,GNB,L 27-34,*,28,41,68.29,385,3,1,112.3,3,17,9.39,9.76,2,11,5.50,0,0,0,0,,0,0.0%,,,0,0,0.0,0,0,0,0,0,0,0,0,0,0,0,68,100%,0,0%,0,0%,
116,2016,2016-10-02,4,4,28.238,DET,@,CHI,L 14-17,*,23,36,63.89,213,0,2,56.8,2,16,5.92,3.42,2,17,8.50,0,0,0,0,,0,0.0%,,,0,0,0.0,0,0,0,0,0,0,0,0,0,0,0,63,100%,0,0%,0,0%,
117,2016,2016-10-09,5,5,28.245,DET,,PHI,W 24-23,*,19,25,76.00,180,3,0,135.0,4,16,7.20,9.60,6,16,2.67,0,0,0,0,,0,0.0%,,,0,0,0.0,0,0,0,,,1,1,0,0,0,0,61,100%,0,0%,0,0%,
118,2016,2016-10-16,6,6,28.252,DET,,LAR,W 31-28,*,23,31,74.19,270,4,0,139.8,1,5,8.71,11.29,5,14,2.80,0,0,0,0,,0,0.0%,,,0,0,0.0,0,0,0,,,0,0,0,0,0,0,62,100%,0,0%,0,0%,
119,2016,2016-10-23,7,7,28.259,DET,,WAS,W 20-17,*,18,29,62.07,266,1,0,103.5,3,16,9.17,9.86,2,32,16.00,0,0,0,0,,0,0.0%,,,0,0,0.0,0,0,0,0,0,1,0,0,1,0,0,53,100%,0,0%,0,0%,
120,2016,2016-10-30,8,8,28.266,DET,@,HOU,L 13-20,*,27,41,65.85,240,1,0,89.5,1,9,5.85,6.34,0,0,,0,0,0,0,,0,0.0%,,,0,0,0.0,0,0,0,,,0,0,0,0,0,0,61,100%,0,0%,0,0%,
121,2016,2016-11-06,9,9,28.273,DET,@,MIN,W 22-16,*,23,36,63.89,219,2,1,87.6,1,5,6.08,5.94,0,0,,0,1,0,0,,0,0.0%,0.00,,0,0,0.0,0,0,0,,,0,0,0,0,0,0,66,100%,0,0%,0,0%,
122,2016,2016-11-20,10,11,28.287,DET,,JAX,W 26-19,*,24,33,72.73,278,0,0,97.8,3,15,8.42,8.42,2,0,0.00,0,0,0,0,,0,0.0%,,,0,0,0.0,0,0,0,,,0,0,0,0,0,0,57,100%,0,0%,0,0%,
123,2016,2016-11-24,11,12,28.291,DET,,MIN,W 16-13,*,23,40,57.50,232,1,0,82.5,2,18,5.80,6.30,4,30,7.50,0,0,0,0,,0,0.0%,,,0,0,0.0,0,0,0,,,0,0,0,0,0,0,61,100%,0,0%,0,0%,
124,2016,2016-12-04,12,13,28.301,DET,@,NOR,W 28-13,*,30,42,71.43,341,2,0,111.3,2,4,8.12,9.07,3,22,7.33,0,0,0,0,,0,0.0%,,,0,0,0.0,0,0,0,,,0,0,0,0,0,0,70,100%,0,0%,0,0%,
125,2016,2016-12-11,13,14,28.308,DET,,CHI,W 20-17,*,21,35,60.00,223,1,2,64.3,3,14,6.37,4.37,4,15,3.75,1,0,0,0,,0,0.0%,,,1,6,0.0,0,0,0,,,0,0,0,0,0,0,72,100%,0,0%,0,0%,
126,2016,2016-12-18,14,15,28.315,DET,@,NYG,L 6-17,*,24,39,61.54,273,0,1,71.8,1,5,7.00,5.85,2,13,6.50,0,0,0,0,,0,0.0%,,,0,0,0.0,0,0,0,,,0,0,0,0,0,0,62,100%,0,0%,0,0%,
127,2016,2016-12-26,15,16,28.323,DET,@,DAL,L 21-42,*,26,46,56.52,260,0,1,63.7,4,31,5.65,4.67,1,1,1.00,1,0,0,0,,0,0.0%,,,1,6,0.0,0,0,0,,,1,1,0,0,0,0,71,100%,0,0%,0,0%,
128,2016,2017-01-01,16,17,28.329,DET,,GNB,L 24-31,*,26,41,63.41,347,2,1,96.3,2,15,8.46,8.34,0,0,,0,0,0,0,,0,0.0%,,,0,0,0.0,0,0,0,,,0,0,0,0,0,0,66,100%,0,0%,0,0%,
129,2017,2017-09-10,1,1,29.215,DET,,ARI,W 35-23,*,29,41,70.73,292,4,1,113.1,1,7,7.12,7.98,2,14,7.00,0,0,0,0,,0,0.0%,,,0,0,0.0,0,0,0,,,1,0,0,1,0,0,71,100%,0,0%,0,0%,
130,2017,2017-09-18,2,2,29.223,DET,@,NYG,W 24-10,*,15,21,71.43,122,2,0,117.6,3,3,5.81,7.71,3,23,7.67,0,0,0,0,,0,0.0%,,,0,0,0.0,0,0,0,,,1,1,0,0,0,0,62,100%,0,0%,0,0%,
131,2017,2017-09-24,3,3,29.229,DET,,ATL,L 26-30,*,25,45,55.56,264,1,0,80.2,2,11,5.87,6.31,2,19,9.50,0,0,0,0,,0,0.0%,,,0,0,0.0,0,0,0,,,0,0,0,0,0,0,70,100%,0,0%,0,0%,
132,2017,2017-10-01,4,4,29.236,DET,@,MIN,W 14-7,*,19,31,61.29,209,0,0,81.2,6,55,6.74,6.74,3,-3,-1.00,0,0,0,0,,0,0.0%,,,0,0,0.0,0,0,0,,,1,0,0,0,0,0,70,100%,0,0%,0,0%,
133,2017,2017-10-08,5,5,29.243,DET,,CAR,L 24-27,*,23,35,65.71,229,2,0,103.2,6,37,6.54,7.69,0,0,,0,0,0,0,,0,0.0%,,,0,0,0.0,0,0,0,,,2,1,0,0,0,0,61,100%,0,0%,0,0%,
134,2017,2017-10-15,6,6,29.250,DET,@,NOR,L 38-52,*,25,52,48.08,312,3,3,62.3,5,31,6.00,4.56,2,4,2.00,0,0,0,0,,0,0.0%,,,0,0,0.0,0,0,0,0,0,2,2,0,0,0,0,81,100%,0,0%,0,0%,
135,2017,2017-10-29,7,8,29.264,DET,,PIT,L 15-20,*,27,45,60.00,423,0,0,91.2,2,12,9.40,9.40,1,11,11.00,0,0,0,0,,0,0.0%,,,0,0,0.0,0,0,0,,,0,0,0,0,0,0,71,100%,0,0%,0,0%,
136,2017,2017-11-06,8,9,29.272,DET,@,GNB,W 30-17,*,26,33,78.79,361,2,0,132.4,1,8,10.94,12.15,1,0,0.00,0,0,0,0,,0,0.0%,,,0,0,0.0,0,0,0,,,0,0,0,0,0,0,68,100%,0,0%,0,0%,
137,2017,2017-11-12,9,10,29.278,DET,,CLE,W 38-24,*,17,26,65.38,249,3,1,118.9,4,8,9.58,10.15,4,17,4.25,0,0,0,0,,0,0.0%,,,0,0,0.0,0,0,0,,,0,0,0,0,0,0,52,100%,0,0%,0,0%,
138,2017,2017-11-19,10,11,29.285,DET,@,CHI,W 27-24,*,21,31,67.74,299,2,0,120.2,3,12,9.65,10.94,3,3,1.00,0,0,0,0,,0,0.0%,,,0,0,0.0,0,0,0,,,1,1,0,0,0,0,63,100%,0,0%,0,0%,
139,2017,2017-11-23,11,12,29.289,DET,,MIN,L 23-30,*,20,35,57.14,250,2,1,86.6,3,14,7.14,7.00,1,0,0.00,0,0,0,0,,0,0.0%,,,0,0,0.0,0,0,0,0,0,2,1,0,1,-3,0,59,100%,0,0%,0,0%,
140,2017,2017-12-03,12,13,29.299,DET,@,BAL,L 20-44,*,24,29,82.76,292,1,1,105.7,3,22,10.07,9.21,3,2,0.67,0,0,0,0,,0,0.0%,,,0,0,0.0,0,0,0,0,0,2,1,0,1,-10,0,54,86%,0,0%,0,0%,
141,2017,2017-12-10,13,14,29.306,DET,@,TAM,W 24-21,*,36,44,81.82,381,1,2,91.4,0,0,8.66,7.07,0,0,,0,0,0,0,,0,0.0%,,,0,0,0.0,0,0,0,,,0,0,0,0,0,0,68,100%,0,0%,0,0%,
142,2017,2017-12-16,14,15,29.312,DET,,CHI,W 20-10,*,25,33,75.76,237,2,0,115.3,4,35,7.18,8.39,1,-1,-1.00,0,0,0,0,,0,0.0%,,,0,0,0.0,0,0,0,,,0,0,0,0,0,0,63,100%,0,0%,0,0%,
143,2017,2017-12-24,15,16,29.320,DET,@,CIN,L 17-26,*,19,35,54.29,203,1,1,69.1,2,14,5.80,5.09,1,7,7.00,0,0,0,0,,0,0.0%,,,0,0,0.0,0,0,0,,,0,0,0,0,0,0,61,100%,0,0%,0,0%,
144,2017,2017-12-31,16,17,29.327,DET,,GNB,W 35-11,*,20,29,68.97,323,3,0,140.4,2,18,11.14,13.21,2,2,1.00,0,0,0,0,,0,0.0%,,1,0,2,0.0,0,0,0,,,0,0,0,0,0,0,58,100%,0,0%,0,0%,
145,2018,2018-09-10,1,1,30.215,DET,,NYJ,L 17-48,*,27,46,58.70,286,1,4,47.9,0,0,6.22,2.74,1,6,6.00,0,0,0,0,,0,0.0%,,,0,0,0.0,0,0,0,,,0,0,0,0,0,0,62,89%,0,0%,0,0%,
146,2018,2018-09-16,2,2,30.221,DET,@,SFO,L 27-30,*,34,53,64.15,347,3,0,101.7,2,18,6.55,7.68,1,8,8.00,0,0,0,0,,0,0.0%,,,0,0,0.0,0,0,0,,,1,1,0,0,0,0,77,100%,0,0%,0,0%,
147,2018,2018-09-23,3,3,30.228,DET,,NWE,W 26-10,*,27,36,75.00,262,2,1,101.9,1,7,7.28,7.14,1,10,10.00,0,0,0,0,,0,0.0%,,,0,0,0.0,0,0,0,,,0,0,0,0,0,0,73,100%,0,0%,0,0%,
148,2018,2018-09-30,4,4,30.235,DET,@,DAL,L 24-26,*,24,30,80.00,307,2,0,131.5,3,21,10.23,11.57,2,5,2.50,0,0,0,0,,0,0.0%,,,0,0,0.0,0,0,0,,,0,0,0,0,0,0,54,100%,0,0%,0,0%,
149,2018,2018-10-07,5,5,30.242,DET,,GNB,W 31-23,*,14,26,53.85,183,2,0,101.9,3,13,7.04,8.58,1,-1,-1.00,0,0,0,0,,0,0.0%,,,0,0,0.0,0,0,0,,,0,0,0,0,0,0,62,100%,0,0%,0,0%,
150,2018,2018-10-21,6,7,30.256,DET,@,MIA,W 32-21,*,18,22,81.82,217,2,0,138.1,1,8,9.86,11.68,4,9,2.25,0,0,0,0,,0,0.0%,,,0,0,0.0,0,0,0,,,1,0,0,0,0,0,64,100%,0,0%,0,0%,
151,2018,2018-10-28,7,8,30.263,DET,,SEA,L 14-28,*,27,40,67.50,310,2,1,96.9,3,13,7.75,7.63,1,6,6.00,0,0,0,0,,0,0.0%,,,0,0,0.0,0,0,0,,,1,1,0,0,0,0,59,100%,0,0%,0,0%,
152,2018,2018-11-04,8,9,30.270,DET,@,MIN,L 9-24,*,25,36,69.44,199,0,0,83.0,10,56,5.53,5.53,5,6,1.20,0,0,0,0,,0,0.0%,,,0,0,0.0,0,0,0,,,1,1,0,0,0,0,70,100%,0,0%,0,0%,
153,2018,2018-11-11,9,10,30.277,DET,@,CHI,L 22-34,*,25,42,59.52,274,2,2,74.9,6,45,6.52,5.33,2,9,4.50,0,0,0,0,,0,0.0%,,,0,0,0.0,0,0,0,,,1,0,0,1,0,0,78,100%,0,0%,0,0%,
154,2018,2018-11-18,10,11,30.284,DET,,CAR,W 20-19,*,23,37,62.16,220,1,0,87.7,1,5,5.95,6.49,3,6,2.00,0,0,0,0,,0,0.0%,,,0,0,0.0,0,0,0,,,0,0,0,0,0,0,65,100%,0,0%,0,0%,
155,2018,2018-11-22,11,12,30.288,DET,,CHI,L 16-23,*,28,38,73.68,236,0,2,67.4,2,14,6.21,3.84,0,0,,0,0,0,0,,0,0.0%,,,0,0,0.0,0,0,0,,,0,0,0,0,0,0,66,100%,0,0%,0,0%,
156,2018,2018-12-02,12,13,30.298,DET,,LAR,L 16-30,*,20,33,60.61,245,1,1,81.0,4,37,7.42,6.67,1,2,2.00,0,0,0,0,,0,0.0%,,,0,0,0.0,0,0,0,,,1,1,0,0,0,0,72,100%,0,0%,0,0%,
157,2018,2018-12-09,13,14,30.305,DET,@,ARI,W 17-3,*,15,23,65.22,101,0,0,74.7,1,5,4.39,4.39,1,7,7.00,0,0,0,0,,0,0.0%,,,0,0,0.0,0,0,0,,,0,0,0,0,0,0,60,100%,0,0%,0,0%,
158,2018,2018-12-16,14,15,30.312,DET,@,BUF,L 13-14,*,22,29,75.86,208,1,0,106.7,0,0,7.17,7.86,0,0,,0,0,0,0,,0,0.0%,,,0,0,0.0,0,0,0,,,0,0,0,0,0,0,57,100%,0,0%,0,0%,
159,2018,2018-12-23,15,16,30.319,DET,,MIN,L 9-27,*,18,32,56.25,116,0,0,64.1,2,11,3.63,3.63,0,0,,0,0,0,0,,0,0.0%,,,0,0,0.0,0,0,0,,,0,0,0,0,0,0,60,80%,0,0%,0,0%,
160,2018,2018-12-30,16,17,30.326,DET,@,GNB,W 31-0,*,20,32,62.50,266,2,0,109.6,1,2,8.31,9.56,2,-2,-1.00,0,0,0,0,,0,0.0%,,,0,0,0.0,0,0,0,,,0,0,0,0,0,0,73,100%,0,0%,0,0%,
161,2019,2019-09-08,1,1,31.213,DET,@,ARI,T 27-27,*,27,45,60.00,385,3,0,110.0,3,24,8.56,9.89,3,22,7.33,0,0,0,0,,0,0.0%,,,0,0,0.0,0,0,0,0,0,2,1,0,0,0,0,84,100%,0,0%,0,0%,
162,2019,2019-09-15,2,2,31.220,DET,,LAC,W 13-10,*,22,30,73.33,245,2,2,91.7,0,0,8.17,6.50,4,13,3.25,0,0,0,0,,0,0.0%,,,0,0,0.0,0,0,0,0,0,0,0,0,0,0,0,60,100%,0,0%,0,0%,
163,2019,2019-09-22,3,3,31.227,DET,@,PHI,W 27-24,*,18,32,56.25,201,1,0,85.5,0,0,6.28,6.91,3,1,0.33,0,0,0,0,,0,0.0%,,,0,0,0.0,0,0,0,0,0,0,0,0,0,0,0,61,100%,0,0%,0,0%,
164,2019,2019-09-29,4,4,31.234,DET,,KAN,L 30-34,*,21,34,61.76,291,3,0,118.6,4,30,8.56,10.32,2,18,9.00,0,0,0,0,,0,0.0%,,,0,0,0.0,0,0,0,0,0,1,1,0,0,0,0,76,100%,0,0%,0,0%,
165,2019,2019-10-14,5,6,31.249,DET,@,GNB,L 22-23,*,18,32,56.25,265,0,0,83.5,3,22,8.28,8.28,3,9,3.00,0,0,0,0,,0,0.0%,,,0,0,0.0,0,0,0,0,0,1,0,0,1,-5,0,55,100%,0,0%,0,0%,
166,2019,2019-10-20,6,7,31.255,DET,,MIN,L 30-42,*,30,45,66.67,364,4,1,111.7,2,12,8.09,8.87,0,0,,0,0,0,0,,0,0.0%,,,0,0,0.0,0,0,0,0,0,0,0,0,0,0,0,75,100%,0,0%,0,0%,
167,2019,2019-10-27,7,8,31.262,DET,,NYG,W 31-26,*,25,32,78.13,342,3,1,129.4,4,26,10.69,11.16,2,-3,-1.50,0,0,0,0,,0,0.0%,,,0,0,0.0,0,0,0,0,0,0,0,0,0,0,0,62,100%,0,0%,0,0%,
168,2019,2019-11-03,8,9,31.269,DET,@,OAK,L 24-31,*,26,41,63.41,406,3,1,110.4,2,23,9.90,10.27,3,6,2.00,0,0,0,0,,0,0.0%,,,0,0,0.0,0,0,0,0,0,1,1,0,0,-5,0,69,100%,0,0%,0,0%,
177,2020,2020-09-13,1,1,32.219,DET,,CHI,L 23-27,*,24,42,57.14,297,1,1,77.2,1,9,7.07,6.48,5,23,4.60,0,0,0,0,,0,0.0%,,,0,0,0.0,0,0,0,0,0,0,0,0,0,0,0,78,100%,0,0%,0,0%,
178,2020,2020-09-20,2,2,32.226,DET,@,GNB,L 21-42,*,20,33,60.61,244,2,1,91.0,4,26,7.39,7.24,1,4,4.00,0,0,0,0,,0,0.0%,,,0,0,0.0,0,0,0,0,0,0,0,0,0,0,0,59,100%,0,0%,0,0%,
179,2020,2020-09-27,3,3,32.233,DET,@,ARI,W 26-23,*,22,31,70.97,270,2,0,119.0,4,38,8.71,10.00,1,-3,-3.00,0,0,0,0,,0,0.0%,,,0,0,0.0,0,0,0,0,0,0,0,0,0,0,0,66,100%,0,0%,0,0%,
180,2020,2020-10-04,4,4,32.240,DET,,NOR,L 29-35,*,17,31,54.84,206,3,1,94.3,3,15,6.65,7.13,3,21,7.00,0,0,0,0,,0,0.0%,,,0,0,0.0,0,0,0,0,0,0,0,0,0,0,0,61,100%,0,0%,0,0%,
181,2020,2020-10-18,5,6,32.254,DET,@,JAX,W 34-16,*,19,31,61.29,223,1,1,80.4,0,0,7.19,6.39,5,14,2.80,0,0,0,0,,0,0.0%,,,0,0,0.0,0,0,0,0,0,0,0,0,0,0,0,77,100%,0,0%,0,0%,
182,2020,2020-10-25,6,7,32.261,DET,@,ATL,W 23-22,*,25,36,69.44,340,1,0,108.6,2,18,9.44,10.00,1,8,8.00,0,0,0,0,,0,0.0%,,,0,0,0.0,0,0,0,0,0,0,0,0,0,0,0,61,100%,0,0%,0,0%,
183,2020,2020-11-01,7,8,32.268,DET,,IND,L 21-41,*,24,42,57.14,336,3,1,96.9,5,39,8.00,8.36,1,10,10.00,0,0,0,0,,0,0.0%,,,0,0,0.0,0,0,0,0,0,1,1,0,0,0,0,61,100%,0,0%,0,0%,
184,2020,2020-11-08,8,9,32.275,DET,@,MIN,L 20-34,*,23,32,71.88,211,1,2,73.8,2,13,6.59,4.41,0,0,,0,0,0,0,,0,0.0%,,,0,0,0.0,0,0,0,0,0,0,0,0,0,0,0,60,80%,0,0%,0,0%,
185,2020,2020-11-15,9,10,32.282,DET,,WAS,W 30-27,*,24,33,72.73,276,3,0,127.8,1,9,8.36,10.18,0,0,,0,0,0,0,,0,0.0%,,,0,0,0.0,0,0,0,0,0,0,0,0,0,0,0,59,100%,0,0%,0,0%,
186,2020,2020-11-22,10,11,32.289,DET,@,CAR,L 0-20,*,18,33,54.55,178,0,0,70.0,5,33,5.39,5.39,4,5,1.25,0,0,0,0,,0,0.0%,,,0,0,0.0,0,0,0,0,0,0,0,0,0,0,0,56,100%,0,0%,0,0%,
187,2020,2020-11-26,11,12,32.293,DET,,HOU,L 25-41,*,28,42,66.67,295,1,1,84.9,4,16,7.02,6.43,1,3,3.00,0,1,0,0,,0,0.0%,0.00,,0,0,0.0,0,0,0,0,0,1,0,0,0,0,0,82,100%,0,0%,0,0%,
188,2020,2020-12-06,12,13,32.303,DET,@,CHI,W 34-30,*,27,42,64.29,402,3,1,109.4,2,2,9.57,9.93,2,0,0.00,0,0,0,0,,0,0.0%,,,0,0,0.0,0,0,0,0,0,0,0,0,0,0,0,68,100%,0,0%,0,0%,
189,2020,2020-12-13,13,14,32.310,DET,,GNB,L 24-31,*,24,34,70.59,244,1,0,100.6,4,31,7.18,7.76,1,6,6.00,0,0,0,0,,0,0.0%,,,0,0,0.0,0,0,0,0,0,0,0,0,0,0,0,60,90%,0,0%,0,0%,
190,2020,2020-12-20,14,15,32.317,DET,@,TEN,L 25-46,*,22,32,68.75,252,1,0,102.6,0,0,7.88,8.50,2,12,6.00,0,0,0,0,,0,0.0%,,,0,0,0.0,0,0,0,0,0,0,0,0,1,-1,0,56,86%,0,0%,0,0%,
191,2020,2020-12-26,15,16,32.323,DET,,TAM,L 7-47,*,2,3,66.67,17,0,0,81.2,0,0,5.67,5.67,0,0,,0,0,0,0,,0,0.0%,,,0,0,0.0,0,0,0,0,0,0,0,0,0,0,0,4,8%,0,0%,0,0%,
192,2020,2021-01-03,16,17,32.331,DET,,MIN,L 35-37,*,20,31,64.52,293,3,1,114.0,1,5,9.45,9.94,2,9,4.50,0,0,0,0,,0,0.0%,,,0,0,0.0,0,0,0,0,0,0,0,0,0,0,0,58,100%,0,0%,0,0%,
193,2021,2021-09-12,1,1,33.217,LAR,,CHI,W 34-14,*,20,26,76.92,321,3,0,156.1,1,9,12.35,14.65,5,-5,-1.00,0,0,0,0,,0,0.0%,,,0,0,0.0,0,0,0,0,0,0,0,0,0,0,0,52,100%,0,0%,0,0%,
194,2021,2021-09-19,2,2,33.224,LAR,@,IND,W 27-24,*,19,30,63.33,278,2,1,101.8,1,8,9.27,9.10,2,1,0.50,0,0,0,0,,0,0.0%,,,0,0,0.0,0,0,0,0,0,0,0,0,0,0,0,59,100%,0,0%,0,0%,
195,2021,2021-09-26,3,3,33.231,LAR,,TAM,W 34-24,*,27,38,71.05,343,4,0,134.0,1,12,9.03,11.13,2,-2,-1.00,0,0,0,0,,0,0.0%,,,0,0,0.0,0,0,0,0,0,0,0,0,0,0,0,65,100%,0,0%,0,0%,
196,2021,2021-10-03,4,4,33.238,LAR,,ARI,L 20-37,*,26,41,63.41,280,2,1,89.5,0,0,6.83,6.71,6,21,3.50,0,0,0,0,,0,0.0%,,,0,0,0.0,0,0,0,0,0,0,0,0,0,0,0,68,100%,0,0%,0,0%,
197,2021,2021-10-07,5,5,33.242,LAR,@,SEA,W 26-17,*,25,37,67.57,365,1,1,97.2,1,7,9.86,9.19,1,-1,-1.00,0,0,0,0,,0,0.0%,,,0,0,0.0,0,0,0,0,0,0,0,0,0,0,0,67,100%,0,0%,0,0%,
198,2021,2021-10-17,6,6,33.252,LAR,@,NYG,W 38-11,*,22,28,78.57,251,4,1,128.7,2,17,8.96,10.21,2,12,6.00,0,0,0,0,,0,0.0%,,,0,0,0.0,0,0,0,0,0,1,0,0,1,0,0,56,85%,0,0%,0,0%,
199,2021,2021-10-24,7,7,33.259,LAR,,DET,W 28-19,*,28,41,68.29,334,3,0,117.3,1,7,8.15,9.61,2,-2,-1.00,0,0,0,0,,0,0.0%,,,0,0,0.0,0,0,0,0,0,0,0,0,0,0,0,65,100%,0,0%,0,0%,
200,2021,2021-10-31,8,8,33.266,LAR,@,HOU,W 38-22,*,21,32,65.63,305,3,0,127.7,0,0,9.53,11.41,0,0,,0,0,0,0,,0,0.0%,,,0,0,0.0,0,0,0,0,0,0,0,0,0,0,0,58,87%,0,0%,0,0%,
201,2021,2021-11-07,9,9,33.273,LAR,,TEN,L 16-28,*,31,48,64.58,294,1,2,71.0,5,41,6.13,4.67,2,13,6.50,0,0,0,0,,0,0.0%,,,0,0,0.0,0,0,0,0,0,0,0,0,0,0,0,78,100%,0,0%,0,0%,
202,2021,2021-11-15,10,10,33.281,LAR,@,SFO,L 10-31,*,26,41,63.41,243,1,2,67.4,2,19,5.93,4.22,1,1,1.00,0,0,0,0,,0,0.0%,,,0,0,0.0,0,0,0,0,0,0,0,0,0,0,0,55,100%,0,0%,0,0%,
203,2021,2021-11-28,11,12,33.294,LAR,@,GNB,L 28-36,*,21,38,55.26,302,3,1,96.6,2,17,7.95,8.34,1,-1,-1.00,0,0,0,0,,0,0.0%,,,0,0,0.0,0,0,0,0,0,1,1,0,0,0,0,62,100%,0,0%,0,0%,
204,2021,2021-12-05,12,13,33.301,LAR,,JAX,W 37-7,*,26,38,68.42,295,3,0,117.8,1,5,7.76,9.34,1,2,2.00,0,0,0,0,,0,0.0%,,,0,0,0.0,0,0,0,0,0,0,0,0,0,0,0,63,93%,0,0%,0,0%,
205,2021,2021-12-13,13,14,33.309,LAR,@,ARI,W 30-23,*,23,30,76.67,287,3,0,139.2,3,20,9.57,11.57,0,0,,0,0,0,0,,0,0.0%,,,0,0,0.0,0,0,0,0,0,1,0,0,1,0,0,58,100%,0,0%,0,0%,
206,2021,2021-12-21,14,15,33.317,LAR,,SEA,W 20-10,*,21,29,72.41,244,2,1,106.1,4,35,8.41,8.24,3,-3,-1.00,0,0,0,0,,0,0.0%,,,0,0,0.0,0,0,0,0,0,0,0,0,0,0,0,66,100%,0,0%,0,0%,
207,2021,2021-12-26,15,16,33.322,LAR,@,MIN,W 30-23,*,21,37,56.76,197,1,3,46.8,0,0,5.32,2.22,3,8,2.67,0,0,0,0,,0,0.0%,,,0,0,0.0,0,0,0,0,0,1,0,0,1,2,0,70,100%,0,0%,0,0%,
208,2021,2022-01-02,16,17,33.329,LAR,@,BAL,W 20-19,*,26,35,74.29,309,2,2,96.0,1,9,8.83,7.40,1,-1,-1.00,0,0,0,0,,0,0.0%,,,0,0,0.0,0,0,0,0,0,1,1,0,0,0,0,58,100%,0,0%,0,0%,
209,2021,2022-01-09,17,18,33.336,LAR,,SFO,L 24-27,*,21,32,65.63,238,3,2,93.0,5,37,7.44,6.50,0,0,,0,0,0,0,,0,0.0%,,,0,0,0.0,0,0,0,0,0,0,0,0,0,0,0,65,100%,0,0%,0,0%,
210,2022,2022-09-08,1,1,34.213,LAR,,BUF,L 10-31,*,29,41,70.73,240,1,3,63.1,7,49,5.85,3.05,1,2,2.00,0,0,0,0,,0,0.0%,,,0,0,0.0,1,0,1,0,0,1,0,0,1,0,0,67,100%,0,0%,0,0%,
211,2022,2022-09-18,2,2,34.223,LAR,,ATL,W 31-27,*,27,36,75.00,272,3,2,100.7,1,0,7.56,6.72,0,0,,0,0,0,0,,0,0.0%,,,0,0,0.0,0,0,0,0,0,0,0,0,0,0,0,62,98%,0,0%,0,0%,
212,2022,2022-09-25,3,3,34.230,LAR,@,ARI,W 20-12,*,18,25,72.00,249,0,0,103.6,1,10,9.96,9.96,3,2,0.67,0,0,0,0,,0,0.0%,,,0,0,0.0,0,0,0,0,0,0,0,0,0,0,0,48,100%,0,0%,0,0%,
213,2022,2022-10-03,4,4,34.238,LAR,@,SFO,L 9-24,*,32,48,66.67,254,0,1,71.0,7,54,5.29,4.35,2,6,3.00,0,0,0,0,,0,0.0%,,,0,0,0.0,0,0,0,0,0,1,1,0,0,0,0,74,100%,0,0%,0,0%,
214,2022,2022-10-09,5,5,34.244,LAR,,DAL,L 10-22,*,28,42,66.67,308,1,1,86.2,5,35,7.33,6.74,0,0,,0,0,0,0,,0,0.0%,,,0,0,0.0,0,0,0,0,0,2,2,0,0,0,0,65,100%,0,0%,0,0%,
215,2022,2022-10-16,6,6,34.251,LAR,,CAR,W 24-10,*,26,33,78.79,253,1,1,96.1,1,4,7.67,6.91,2,-3,-1.50,0,0,0,0,,0,0.0%,,,0,0,0.0,0,0,0,0,0,0,0,0,0,0,0,65,100%,0,0%,0,0%,
216,2022,2022-10-30,7,8,34.265,LAR,,SFO,L 14-31,*,22,33,66.67,187,1,0,91.4,2,20,5.67,6.27,2,-1,-0.50,1,0,0,0,,0,0.0%,,,1,6,0.0,0,0,0,0,0,0,0,0,0,0,0,58,100%,0,0%,0,0%,
217,2022,2022-11-06,8,9,34.272,LAR,@,TAM,L 13-16,*,13,27,48.15,165,1,0,80.0,4,27,6.11,6.85,2,-1,-0.50,0,0,0,0,,0,0.0%,,,0,0,0.0,0,0,0,0,0,1,0,0,1,0,0,57,100%,0,0%,0,0%,
219,2022,2022-11-20,10,11,34.286,LAR,@,NOR,L 20-27,*,11,18,61.11,159,2,0,126.9,1,9,8.83,11.06,1,4,4.00,0,0,0,0,,0,0.0%,,,0,0,0.0,0,0,0,0,0,0,0,0,0,0,0,38,59%,0,0%,0,0%,
227,2023,2023-09-10,1,1,35.215,LAR,@,SEA,W 30-13,*,24,38,63.16,334,0,0,91.3,0,0,8.79,8.79,3,11,3.67,0,0,0,0,,0,0.0%,,,0,0,0.0,0,0,0,0,0,0,0,0,0,0,0,81,100%,0,0%,0,0%,
228,2023,2023-09-17,2,2,35.222,LAR,,SFO,L 23-30,*,34,55,61.82,307,1,2,67.8,1,10,5.58,4.31,4,17,4.25,0,0,0,0,,0,0.0%,,,0,0,0.0,0,0,0,0,0,0,0,0,0,0,0,80,100%,0,0%,0,0%,
229,2023,2023-09-25,3,3,35.230,LAR,@,CIN,L 16-19,*,18,33,54.55,269,1,2,66.4,6,48,8.15,6.03,1,7,7.00,0,0,0,0,,0,0.0%,,,0,0,0.0,0,0,0,0,0,0,0,0,0,0,0,55,100%,0,0%,0,0%,
230,2023,2023-10-01,4,4,35.236,LAR,@,IND,W 29-23,*,27,40,67.50,319,1,1,89.5,2,16,7.98,7.35,2,14,7.00,0,0,0,0,,0,0.0%,,,0,0,0.0,0,0,0,0,0,0,0,0,0,0,0,82,100%,0,0%,0,0%,
231,2023,2023-10-08,5,5,35.243,LAR,,PHI,L 14-23,*,21,37,56.76,222,2,0,92.4,4,27,6.00,7.08,0,0,,0,0,0,0,,0,0.0%,,,0,0,0.0,0,0,0,0,0,0,0,0,0,0,0,56,100%,0,0%,0,0%,
232,2023,2023-10-15,6,6,35.250,LAR,,ARI,W 26-9,*,15,24,62.50,226,1,0,107.3,3,23,9.42,10.25,1,2,2.00,0,0,0,0,,0,0.0%,,,0,0,0.0,0,0,0,0,0,0,0,0,0,0,0,57,100%,0,0%,0,0%,
233,2023,2023-10-22,7,7,35.257,LAR,,PIT,L 17-24,*,14,29,48.28,231,1,1,72.6,2,12,7.97,7.10,1,8,8.00,0,0,0,0,,0,0.0%,,,0,0,0.0,0,0,0,0,0,0,0,0,0,0,0,68,100%,0,0%,0,0%,
234,2023,2023-10-29,8,8,35.264,LAR,@,DAL,L 20-43,*,13,22,59.09,162,1,1,78.2,1,9,7.36,6.23,1,9,9.00,0,0,0,0,,0,0.0%,,1,0,2,0.0,0,0,0,0,0,0,0,0,0,0,0,42,68%,0,0%,0,0%,
236,2023,2023-11-19,10,11,35.285,LAR,,SEA,W 17-16,*,17,31,54.84,190,1,1,70.6,1,5,6.13,5.32,2,1,0.50,0,0,0,0,,0,0.0%,,,0,0,0.0,0,0,0,0,0,0,0,0,0,0,0,67,100%,0,0%,0,0%,
237,2023,2023-11-26,11,12,35.292,LAR,@,ARI,W 37-14,*,25,33,75.76,229,4,1,121.1,0,0,6.94,8.00,1,2,2.00,0,0,0,0,,0,0.0%,,,0,0,0.0,0,0,0,0,0,0,0,0,0,0,0,64,96%,0,0%,0,0%,
238,2023,2023-12-03,12,13,35.299,LAR,,CLE,W 36-19,*,22,37,59.46,279,3,0,110.1,0,0,7.54,9.16,1,-2,-2.00,0,0,0,0,,0,0.0%,,,0,0,0.0,0,0,0,0,0,0,0,0,0,0,0,64,100%,0,0%,0,0%,
239,2023,2023-12-10,13,14,35.306,LAR,@,BAL,L 31-37,*,23,41,56.10,294,3,0,103.1,2,12,7.17,8.63,1,-1,-1.00,0,0,0,0,,0,0.0%,,,0,0,0.0,0,0,0,0,0,0,0,0,0,0,0,77,100%,0,0%,0,0%,
240,2023,2023-12-17,14,15,35.313,LAR,,WAS,W 28-20,*,25,33,75.76,258,2,0,118.0,3,9,7.82,9.03,1,2,2.00,0,0,0,0,,0,0.0%,,,0,0,0.0,0,0,0,0,0,0,0,0,0,0,0,75,100%,0,0%,0,0%,
241,2023,2023-12-21,15,16,35.317,LAR,,NOR,W 30-22,*,24,34,70.59,328,2,0,120.7,1,3,9.65,10.82,1,-4,-4.00,0,0,0,0,,0,0.0%,,,0,0,0.0,0,0,0,0,0,0,0,0,0,0,0,70,100%,0,0%,0,0%,
242,2023,2023-12-31,16,17,35.327,LAR,@,NYG,W 26-25,*,24,34,70.59,317,1,2,85.0,4,31,9.32,7.26,1,-1,-1.00,0,0,0,0,,0,0.0%,,,0,0,0.0,0,0,0,0,0,0,0,0,0,0,0,62,100%,0,0%,0,0%,
244,2024,2024-09-08,1,1,36.214,LAR,@,DET,L 20-26,*,34,49,69.39,317,1,1,85.2,2,13,6.47,5.96,0,0,,0,0,0,0,,0,0.0%,,,0,0,0.0,0,0,0,0,0,0,0,0,0,0,0,78,100%,0,0%,0,0%,
245,2024,2024-09-15,2,2,36.221,LAR,@,ARI,L 10-41,*,19,27,70.37,216,0,0,94.1,5,24,8.00,8.00,0,0,,0,0,0,0,,0,0.0%,,,0,0,0.0,0,0,0,0,0,1,1,0,0,0,0,52,100%,0,0%,0,0%,
246,2024,2024-09-22,3,3,36.228,LAR,,SFO,W 27-24,*,16,25,64.00,221,1,0,105.6,3,23,8.84,9.64,0,0,,0,0,0,0,,0,0.0%,,,0,0,0.0,0,0,0,0,0,0,0,0,0,0,0,58,100%,0,0%,0,0%,
247,2024,2024-09-29,4,4,36.235,LAR,@,CHI,L 18-24,*,20,29,68.97,224,0,1,77.4,3,21,7.72,6.17,1,-1,-1.00,0,0,0,0,,0,0.0%,,,0,0,0.0,0,0,0,0,0,1,1,0,0,0,0,61,100%,0,0%,0,0%,
248,2024,2024-10-06,5,5,36.242,LAR,,GNB,L 19-24,*,29,45,64.44,260,1,1,78.0,3,24,5.78,5.22,0,0,,0,0,0,0,,0,0.0%,,,0,0,0.0,0,0,0,0,0,0,0,0,0,0,0,78,100%,0,0%,0,0%,
249,2024,2024-10-20,6,7,36.256,LAR,,LVR,W 20-15,*,14,23,60.87,154,0,1,62.6,1,10,6.70,4.74,2,-2,-1.00,0,0,0,0,,0,0.0%,,,0,0,0.0,0,0,0,0,0,0,0,0,0,0,0,55,100%,0,0%,0,0%,
250,2024,2024-10-24,7,8,36.260,LAR,,MIN,W 30-20,*,25,34,73.53,279,4,1,124.5,0,0,8.21,9.24,3,-4,-1.33,0,0,0,0,,0,0.0%,,,0,0,0.0,0,0,0,0,0,0,0,0,0,0,0,72,100%,0,0%,0,0%,
251,2024,2024-11-03,8,9,36.270,LAR,@,SEA,W 26-20,*,25,44,56.82,298,2,1,83.3,0,0,6.77,6.66,1,0,0.00,0,0,0,0,,0,0.0%,,,0,0,0.0,0,0,0,0,0,1,0,0,1,-2,0,77,100%,0,0%,0,0%,
252,2024,2024-11-11,9,10,36.278,LAR,,MIA,L 15-23,*,32,46,69.57,293,0,1,77.5,4,36,6.37,5.39,1,0,0.00,0,0,0,0,,0,0.0%,,,0,0,0.0,0,0,0,0,0,2,0,0,2,-13,0,70,100%,0,0%,0,0%,
253,2024,2024-11-17,10,11,36.284,LAR,@,NWE,W 28-22,*,18,27,66.67,295,4,0,142.7,0,0,10.93,13.89,4,0,0.00,0,0,0,0,,0,0.0%,,,0,0,0.0,0,0,0,0,0,0,0,0,0,0,0,52,100%,0,0%,0,0%,
254,2024,2024-11-24,11,12,36.291,LAR,,PHI,L 20-37,*,24,36,66.67,243,2,0,104.3,5,45,6.75,7.86,1,15,15.00,0,0,0,0,,0,0.0%,,,0,0,0.0,0,0,0,0,0,1,0,0,0,0,0,64,100%,0,0%,0,0%,
255,2024,2024-12-01,12,13,36.298,LAR,@,NOR,W 21-14,*,14,24,58.33,183,2,0,110.2,2,17,7.63,9.29,4,3,0.75,0,0,0,0,,0,0.0%,,,0,0,0.0,0,0,0,0,0,0,0,0,0,0,0,56,100%,0,0%,0,0%,
256,2024,2024-12-08,13,14,36.305,LAR,,BUF,W 44-42,*,23,30,76.67,320,2,0,132.6,0,0,10.67,12.00,0,0,,0,0,0,0,,0,0.0%,,,0,0,0.0,0,0,0,0,0,0,0,0,0,0,0,77,100%,0,0%,0,0%,
257,2024,2024-12-12,14,15,36.309,LAR,@,SFO,W 12-6,*,16,27,59.26,160,0,0,76.2,0,0,5.93,5.93,4,18,4.50,0,0,0,0,,0,0.0%,,,0,0,0.0,0,0,0,0,0,0,0,0,0,0,0,65,100%,0,0%,0,0%,