Rk,Year,Date,G#,Week,Age,Tm,,Opp,Result,GS,Cmp,Att,Cmp%,Yds,TD,Int,Rate,Sk,Yds,Y/A,AY/A,Att,Yds,Y/A,TD,TD,Pts,Sk,Solo,Ast,Comb,TFL,QBHits,Fmb,FL,FF,FR,Yds,TD,Num,Pct,Num,Pct,Num,Pct,Status
1,2020,2020-09-13,1,1,23.278,CIN,,LAC,L 13-16,*,23,36,63.89,193,0,1,66.1,3,20,5.36,4.11,8,46,5.75,1,1,6,0.0,0,0,0,0,0,1,0,0,0,-5,0,68,100%,0,0%,0,0%,
2,2020,2020-09-17,2,2,23.282,CIN,@,CLE,L 30-35,*,37,61,60.66,316,3,0,90.6,3,31,5.18,6.16,7,19,2.71,0,0,0,0.0,0,0,0,0,0,2,1,0,1,-22,0,92,100%,0,0%,0,0%,
3,2020,2020-09-27,3,3,23.292,CIN,@,PHI,T 23-23,*,31,44,70.45,312,2,0,105.5,8,56,7.09,8.00,1,-1,-1.00,0,0,0,0.0,0,0,0,0,0,0,0,0,0,0,0,71,99%,0,0%,0,0%,
4,2020,2020-10-04,4,4,23.299,CIN,,JAX,W 33-25,*,25,36,69.44,300,1,1,92.4,1,0,8.33,7.64,4,11,2.75,0,0,0,0.0,0,0,0,0,0,0,0,0,0,0,0,75,100%,0,0%,0,0%,
5,2020,2020-10-11,5,5,23.306,CIN,@,BAL,L 3-27,*,19,30,63.33,183,0,1,66.4,7,48,6.10,4.60,3,10,3.33,0,0,0,0.0,0,0,0,0,0,2,1,0,0,0,0,67,100%,0,0%,0,0%,
6,2020,2020-10-18,6,6,23.313,CIN,@,IND,L 27-31,*,25,39,64.10,313,0,1,78.3,2,13,8.03,6.87,3,2,0.67,1,1,6,0.0,0,0,0,0,0,0,0,0,0,0,0,73,100%,0,0%,0,0%,
7,2020,2020-10-25,7,7,23.320,CIN,,CLE,L 34-37,*,35,47,74.47,406,3,1,112.5,4,35,8.64,8.96,6,34,5.67,1,1,6,0.0,0,0,0,0,0,3,1,0,2,0,0,75,100%,0,0%,0,0%,
8,2020,2020-11-01,8,8,23.327,CIN,,TEN,W 31-20,*,26,37,70.27,249,2,0,106.7,0,0,6.73,7.81,3,9,3.00,0,0,0,0.0,0,0,0,0,0,0,0,0,1,0,0,73,100%,0,0%,0,0%,
9,2020,2020-11-15,9,10,23.341,CIN,@,PIT,L 10-36,*,21,40,52.50,213,1,0,76.4,4,28,5.33,5.83,0,0,,0,0,0,0.0,0,0,0,0,0,0,0,0,0,0,0,65,100%,0,0%,0,0%,
10,2020,2020-11-22,10,11,23.348,CIN,@,WAS,L 9-20,*,22,34,64.71,203,1,0,90.7,0,0,5.97,6.56,2,12,6.00,0,0,0,0.0,0,0,0,0,0,1,1,0,0,0,0,50,74%,0,0%,0,0%,
17,2021,2021-09-12,1,1,24.276,CIN,,MIN,W 27-24,*,20,27,74.07,261,2,0,128.8,5,44,9.67,11.15,1,2,2.00,0,0,0,0.0,0,0,0,0,0,0,0,0,0,0,0,69,100%,0,0%,0,0%,
18,2021,2021-09-19,2,2,24.283,CIN,@,CHI,L 17-20,*,19,30,63.33,207,2,3,66.2,5,28,6.90,3.73,0,0,,0,0,0,0.0,0,0,0,0,0,0,0,0,0,0,0,55,100%,0,0%,0,0%,
19,2021,2021-09-26,3,3,24.290,CIN,@,PIT,W 24-10,*,14,18,77.78,172,3,1,122.9,0,0,9.56,10.39,5,7,1.40,0,0,0,0.0,0,0,0,0,0,0,0,0,0,0,0,47,100%,0,0%,0,0%,
20,2021,2021-09-30,4,4,24.294,CIN,,JAX,W 24-21,*,25,32,78.13,348,2,0,132.8,1,6,10.88,12.13,3,4,1.33,0,0,0,0.0,0,0,0,0,0,0,0,0,0,0,0,58,100%,0,0%,0,0%,
21,2021,2021-10-10,5,5,24.304,CIN,,GNB,L 22-25,*,26,38,68.42,281,2,2,85.5,3,17,7.39,6.08,3,11,3.67,0,0,0,0.0,0,0,0,0,0,0,0,0,0,0,0,67,100%,0,0%,0,0%,
22,2021,2021-10-17,6,6,24.311,CIN,@,DET,W 34-11,*,19,29,65.52,271,3,1,115.7,2,22,9.34,9.86,5,20,4.00,0,0,0,0.0,0,0,0,0,0,0,0,0,0,0,0,59,82%,0,0%,0,0%,
23,2021,2021-10-24,7,7,24.318,CIN,@,BAL,W 41-17,*,23,38,60.53,416,3,1,113.5,1,7,10.95,11.34,1,0,0.00,0,0,0,0.0,0,0,0,0,0,0,0,0,0,0,0,56,89%,0,0%,0,0%,
24,2021,2021-10-31,8,8,24.325,CIN,@,NYJ,L 31-34,*,21,34,61.76,259,3,1,102.5,3,28,7.62,8.06,1,-1,-1.00,0,0,0,0.0,1,0,1,0,0,1,0,0,0,0,0,55,100%,0,0%,0,0%,
25,2021,2021-11-07,9,9,24.332,CIN,,CLE,L 16-41,*,28,40,70.00,282,0,2,69.0,5,25,7.05,4.80,2,1,0.50,0,0,0,0.0,0,0,0,0,0,1,0,0,0,0,0,69,92%,0,0%,0,0%,
26,2021,2021-11-21,10,11,24.346,CIN,@,LVR,W 32-13,*,20,29,68.97,148,1,0,92.3,3,19,5.10,5.79,3,11,3.67,0,0,0,0.0,0,0,0,0,0,1,1,0,0,0,0,74,100%,0,0%,0,0%,
27,2021,2021-11-28,11,12,24.353,CIN,,PIT,W 41-10,*,20,24,83.33,190,1,1,96.2,2,18,7.92,6.88,1,8,8.00,1,1,6,0.0,0,0,0,0,0,0,0,0,0,0,0,58,85%,0,0%,0,0%,
28,2021,2021-12-05,12,13,24.360,CIN,,LAC,L 22-41,*,24,40,60.00,300,1,2,70.8,6,40,7.50,5.75,1,6,6.00,1,1,6,0.0,0,0,0,0,0,1,1,0,0,0,0,76,100%,0,0%,0,0%,
29,2021,2021-12-12,13,14,25.002,CIN,,SFO,L 23-26,*,25,34,73.53,348,2,0,125.6,5,37,10.24,11.41,2,3,1.50,0,0,0,0.0,0,0,0,0,0,1,0,0,1,0,0,67,100%,0,0%,0,0%,
30,2021,2021-12-19,14,15,25.009,CIN,@,DEN,W 15-10,*,15,22,68.18,157,1,0,103.8,3,21,7.14,8.05,5,25,5.00,0,0,0,0.0,0,0,0,0,0,0,0,0,0,0,0,53,100%,0,0%,0,0%,
31,2021,2021-12-26,15,16,25.016,CIN,,BAL,W 41-21,*,37,46,80.43,525,4,0,143.2,3,27,11.41,13.15,2,11,5.50,0,0,0,0.0,0,0,0,0,0,0,0,0,0,0,0,76,100%,0,0%,0,0%,
32,2021,2022-01-02,16,17,25.023,CIN,,KAN,W 34-31,*,30,39,76.92,446,4,0,148.0,4,31,11.44,13.49,5,10,2.00,0,0,0,0.0,0,0,0,0,0,0,0,0,0,0,0,68,97%,0,0%,0,0%,
34,2022,2022-09-11,1,1,25.275,CIN,,PIT,L 20-23,*,33,53,62.26,338,2,4,61.7,7,39,6.38,3.74,6,47,7.83,0,0,0,0.0,0,0,0,0,0,2,1,0,0,0,0,100,100%,0,0%,0,0%,
35,2022,2022-09-18,2,2,25.282,CIN,@,DAL,L 17-20,*,24,36,66.67,199,1,0,89.9,6,34,5.53,6.08,4,26,6.50,0,0,0,0.0,0,0,0,0,0,1,0,0,0,0,0,70,100%,0,0%,0,0%,
36,2022,2022-09-25,3,3,25.289,CIN,@,NYJ,W 27-12,*,23,36,63.89,275,3,0,114.9,2,14,7.64,9.31,5,0,0.00,0,0,0,0.0,0,0,0,0,0,0,0,0,0,0,0,68,100%,0,0%,0,0%,
37,2022,2022-09-29,4,4,25.293,CIN,,MIA,W 27-15,*,20,31,64.52,287,2,0,115.9,1,6,9.26,10.55,5,6,1.20,0,0,0,0.0,0,0,0,0,0,0,0,0,0,0,0,64,100%,0,0%,0,0%,
38,2022,2022-10-09,5,5,25.303,CIN,@,BAL,L 17-19,*,24,35,68.57,217,1,1,82.7,2,15,6.20,5.49,3,6,2.00,1,1,6,0.0,0,0,0,0,0,0,0,0,0,0,0,63,100%,0,0%,0,0%,
39,2022,2022-10-16,6,6,25.310,CIN,@,NOR,W 30-26,*,28,37,75.68,300,3,0,126.0,3,27,8.11,9.73,4,25,6.25,1,1,6,0.0,0,0,0,0,0,0,0,0,0,0,0,57,100%,0,0%,0,0%,
40,2022,2022-10-23,7,7,25.317,CIN,,ATL,W 35-17,*,34,42,80.95,481,3,0,138.2,3,22,11.45,12.88,3,20,6.67,1,1,6,0.0,0,0,0,0,0,0,0,0,0,0,0,68,100%,0,0%,0,0%,
41,2022,2022-10-31,8,8,25.325,CIN,@,CLE,L 13-32,*,25,35,71.43,232,2,1,96.4,5,39,6.63,6.49,1,2,2.00,0,0,0,0.0,0,0,0,0,0,1,1,0,0,0,0,53,100%,0,0%,0,0%,
42,2022,2022-11-06,9,9,25.331,CIN,,CAR,W 42-21,*,22,28,78.57,206,1,0,109.2,1,5,7.36,8.07,4,9,2.25,1,1,6,0.0,0,0,0,0,0,0,0,0,0,0,0,58,78%,0,0%,0,0%,
43,2022,2022-11-20,10,11,25.345,CIN,@,PIT,W 37-30,*,24,39,61.54,355,4,2,104.1,2,9,9.10,8.85,4,5,1.25,0,0,0,0.0,0,0,0,0,0,0,0,0,0,0,0,66,100%,0,0%,0,0%,
44,2022,2022-11-27,11,12,25.352,CIN,@,TEN,W 20-16,*,22,37,59.46,270,1,0,91.0,1,4,7.30,7.84,9,32,3.56,0,0,0,0.0,0,0,0,0,0,0,0,0,0,0,0,70,100%,0,0%,0,0%,
45,2022,2022-12-04,12,13,25.359,CIN,,KAN,W 27-24,*,25,31,80.65,286,2,0,126.6,1,7,9.23,10.52,11,46,4.18,1,1,6,0.0,0,0,0,0,0,0,0,0,0,0,0,72,100%,0,0%,0,0%,
46,2022,2022-12-11,13,14,26.001,CIN,,CLE,W 23-10,*,18,33,54.55,239,2,1,85.3,1,3,7.24,7.09,6,10,1.67,0,0,0,0.0,0,0,0,0,0,0,0,0,0,0,0,67,100%,0,0%,0,0%,
47,2022,2022-12-18,14,15,26.008,CIN,@,TAM,W 34-23,*,27,39,69.23,200,4,1,104.6,2,16,5.13,6.03,3,8,2.67,0,0,0,0.0,0,0,0,0,0,1,0,0,1,0,0,66,100%,0,0%,0,0%,
48,2022,2022-12-24,15,16,26.014,CIN,@,NWE,W 22-18,*,40,52,76.92,375,3,2,99.4,2,6,7.21,6.63,4,5,1.25,0,0,0,0.0,0,0,0,0,0,0,0,0,0,0,0,83,100%,0,0%,0,0%,
49,2022,2023-01-08,16,18,26.029,CIN,,BAL,W 27-16,*,25,42,59.52,215,1,0,81.0,2,13,5.12,5.60,3,10,3.33,0,0,0,0.0,0,0,0,0,0,1,1,0,0,0,0,66,100%,0,0%,0,0%,
50,2023,2023-09-10,1,1,26.274,CIN,@,CLE,L 3-24,*,14,31,45.16,82,0,0,52.2,2,15,2.65,2.65,1,-1,-1.00,0,0,0,0.0,0,0,0,0,0,0,0,0,0,0,0,52,93%,0,0%,0,0%,
51,2023,2023-09-17,2,2,26.281,CIN,,BAL,L 24-27,*,27,41,65.85,222,2,1,85.6,1,6,5.41,5.29,1,5,5.00,0,0,0,0.0,0,0,0,0,0,0,0,0,0,0,0,60,100%,0,0%,0,0%,
52,2023,2023-09-25,3,3,26.289,CIN,,LAR,W 19-16,*,26,49,53.06,259,0,1,59.8,2,17,5.29,4.37,3,-2,-0.67,0,0,0,0.0,0,0,0,0,0,0,0,0,0,0,0,77,100%,0,0%,0,0%,
53,2023,2023-10-01,4,4,26.295,CIN,@,TEN,L 3-27,*,20,30,66.67,165,0,0,80.6,3,26,5.50,5.50,3,1,0.33,0,0,0,0.0,0,0,0,0,0,1,1,0,0,0,0,53,100%,0,0%,0,0%,
54,2023,2023-10-08,5,5,26.302,CIN,@,ARI,W 34-20,*,36,46,78.26,317,3,1,108.1,3,30,6.89,7.22,4,7,1.75,0,0,0,0.0,0,0,0,0,0,0,0,0,0,0,0,82,100%,0,0%,0,0%,
55,2023,2023-10-15,6,6,26.309,CIN,,SEA,W 17-13,*,24,35,68.57,185,2,1,88.4,3,17,5.29,5.14,2,4,2.00,0,0,0,0.0,0,0,0,0,0,0,0,0,0,0,0,54,100%,0,0%,0,0%,
56,2023,2023-10-29,7,8,26.323,CIN,@,SFO,W 31-17,*,28,32,87.50,283,3,0,134.8,3,17,8.84,10.72,6,43,7.17,0,0,0,0.0,0,0,0,0,0,0,0,0,0,0,0,63,100%,0,0%,0,0%,
57,2023,2023-11-05,8,9,26.330,CIN,,BUF,W 24-18,*,31,44,70.45,348,2,0,108.9,1,5,7.91,8.82,5,4,0.80,0,0,0,0.0,0,0,0,0,0,0,0,0,0,0,0,70,100%,0,0%,0,0%,
58,2023,2023-11-12,9,10,26.337,CIN,,HOU,L 27-30,*,27,40,67.50,347,2,2,90.3,4,33,8.68,7.43,5,20,4.00,0,0,0,0.0,0,0,0,0,0,1,0,0,0,0,0,64,100%,0,0%,0,0%,
59,2023,2023-11-16,10,11,26.341,CIN,@,BAL,L 20-34,*,11,17,64.71,101,1,0,100.4,2,14,5.94,7.12,1,7,7.00,0,0,0,0.0,0,0,0,0,0,0,0,0,0,0,0,27,44%,0,0%,0,0%,
67,2024,2024-09-08,1,1,27.273,CIN,,NWE,L 10-16,*,21,29,72.41,164,0,0,86.0,3,10,5.66,5.66,4,15,3.75,0,0,0,0.0,0,0,0,0,0,1,0,0,1,0,0,51,100%,0,0%,0,0%,
68,2024,2024-09-15,2,2,27.280,CIN,@,KAN,L 25-26,*,23,36,63.89,258,2,0,103.7,3,12,7.17,8.28,6,9,1.50,0,0,0,0.0,0,0,0,0,0,2,1,0,1,-2,0,64,100%,0,0%,0,0%,
69,2024,2024-09-23,3,3,27.288,CIN,,WAS,L 33-38,*,29,38,76.32,324,3,0,127.5,2,12,8.53,10.11,1,4,4.00,0,0,0,0.0,0,0,0,0,0,0,0,0,0,0,0,62,100%,0,0%,0,0%,
70,2024,2024-09-29,4,4,27.294,CIN,@,CAR,W 34-24,*,22,31,70.97,232,2,1,100.5,0,0,7.48,7.32,1,10,10.00,0,0,0,0.0,0,0,0,0,0,0,0,0,0,0,0,67,100%,0,0%,0,0%,