Rk,Year,Date,G#,Week,Age,Tm,,Opp,Result,GS,Cmp,Att,Cmp%,Yds,TD,Int,Rate,Sk,Yds,Y/A,AY/A,Att,Yds,Y/A,TD,2PM,TD,Pts,Fmb,FL,FF,FR,Yds,TD,Num,Pct,Num,Pct,Num,Pct,Status
1,2021,2021-09-12,1,1,22.314,GNB,@,NOR,L 3-38,,5,7,71.43,68,0,0,102.1,1,4,9.71,9.71,0,0,,0,,0,0,1,1,0,0,0,0,15,26%,0,0%,0,0%,
2,2021,2021-09-20,2,2,22.322,GNB,,DET,W 35-17,,0,0,,0,0,0,,0,0,,,3,-3,-1.00,0,,0,0,0,0,0,0,0,0,3,5%,0,0%,0,0%,
9,2021,2021-11-07,9,9,23.005,GNB,@,KAN,L 7-13,*,19,34,55.88,190,1,1,69.5,1,11,5.59,4.85,5,23,4.60,0,,0,0,1,0,0,1,0,0,63,100%,0,0%,0,0%,
11,2021,2021-11-21,11,11,23.019,GNB,@,MIN,L 31-34,,0,0,,0,0,0,,0,0,,,1,-1,-1.00,0,,0,0,0,0,0,0,0,0,1,2%,0,0%,0,0%,
16,2021,2022-01-02,16,17,23.061,GNB,,MIN,W 37-10,,2,4,50.00,19,0,0,63.5,0,0,4.75,4.75,2,9,4.50,0,,0,0,0,0,0,0,0,0,12,16%,0,0%,0,0%,
17,2021,2022-01-09,17,18,23.068,GNB,@,DET,L 30-37,,10,17,58.82,134,1,2,64.0,1,8,7.88,3.76,1,-1,-1.00,0,1,0,2,1,0,0,1,0,0,37,54%,0,0%,0,0%,
18,2022,2022-09-11,1,1,23.313,GNB,@,MIN,L 7-23,,4,5,80.00,65,0,0,118.7,0,0,13.00,13.00,0,0,,0,,0,0,0,0,0,0,0,0,5,8%,0,0%,0,0%,
23,2022,2022-10-16,6,6,23.348,GNB,,NYJ,L 10-27,,2,4,50.00,8,0,0,56.2,0,0,2.00,2.00,0,0,,0,,0,0,0,0,0,0,0,0,4,5%,0,0%,0,0%,
29,2022,2022-11-27,12,12,24.025,GNB,@,PHI,L 33-40,,6,9,66.67,113,1,0,146.8,0,0,12.56,14.78,0,0,,0,,0,0,0,0,0,0,0,0,10,20%,0,0%,0,0%,
33,2022,2023-01-01,16,17,24.060,GNB,,MIN,W 41-17,,2,3,66.67,9,0,0,70.1,0,0,3.00,3.00,1,-1,-1.00,0,,0,0,0,0,0,0,0,0,7,11%,0,0%,0,0%,
35,2023,2023-09-10,1,1,24.312,GNB,@,CHI,W 38-20,*,15,27,55.56,245,3,0,123.2,1,8,9.07,11.30,3,12,4.00,0,,0,0,1,0,0,1,0,0,55,92%,0,0%,0,0%,
36,2023,2023-09-17,2,2,24.319,GNB,@,ATL,L 24-25,*,14,25,56.00,151,3,0,113.5,1,11,6.04,8.44,2,23,11.50,0,,0,0,0,0,0,0,0,0,50,100%,0,0%,0,0%,
37,2023,2023-09-24,3,3,24.326,GNB,,NOR,W 18-17,*,22,44,50.00,259,1,1,66.4,1,14,5.89,5.32,9,39,4.33,1,,1,6,0,0,0,1,0,0,79,100%,0,0%,0,0%,
38,2023,2023-09-28,4,4,24.330,GNB,,DET,L 20-34,*,23,36,63.89,246,1,2,69.9,5,43,6.83,4.89,2,-2,-1.00,1,,1,6,1,0,0,0,0,0,57,100%,0,0%,0,0%,
39,2023,2023-10-09,5,5,24.341,GNB,@,LVR,L 13-17,*,16,30,53.33,182,0,3,32.2,2,7,6.07,1.57,2,37,18.50,0,,0,0,0,0,0,0,0,0,58,100%,0,0%,0,0%,
40,2023,2023-10-22,6,7,24.354,GNB,@,DEN,L 17-19,*,21,31,67.74,180,2,1,90.8,0,0,5.81,5.65,3,21,7.00,0,,0,0,0,0,0,0,0,0,64,100%,0,0%,0,0%,
41,2023,2023-10-29,7,8,24.361,GNB,,MIN,L 10-24,*,24,41,58.54,229,1,1,72.1,4,33,5.59,4.98,4,34,8.50,0,,0,0,1,0,0,0,0,0,68,100%,0,0%,0,0%,
42,2023,2023-11-05,8,9,25.003,GNB,,LAR,W 20-3,*,20,26,76.92,228,1,0,115.5,4,21,8.77,9.54,4,7,1.75,0,,0,0,1,0,0,0,0,0,72,100%,0,0%,0,0%,
43,2023,2023-11-12,9,10,25.010,GNB,@,PIT,L 19-23,*,21,40,52.50,289,2,2,71.8,1,6,7.23,5.98,2,11,5.50,0,,0,0,0,0,0,0,0,0,68,100%,0,0%,0,0%,
44,2023,2023-11-19,10,11,25.017,GNB,,LAC,W 23-20,*,27,40,67.50,322,2,0,108.5,3,27,8.05,9.05,3,0,0.00,0,,0,0,2,0,0,1,-6,0,72,100%,0,0%,0,0%,
45,2023,2023-11-23,11,12,25.021,GNB,@,DET,W 29-22,*,22,32,68.75,268,3,0,125.5,0,0,8.38,10.25,3,39,13.00,0,,0,0,0,0,0,0,0,0,56,100%,0,0%,0,0%,
46,2023,2023-12-03,12,13,25.031,GNB,,KAN,W 27-19,*,25,36,69.44,267,3,0,118.6,2,14,7.42,9.08,2,10,5.00,0,,0,0,0,0,0,0,0,0,64,100%,0,0%,0,0%,
47,2023,2023-12-11,13,14,25.039,GNB,@,NYG,L 22-24,*,25,39,64.10,218,1,1,76.7,2,15,5.59,4.95,2,2,1.00,0,,0,0,1,1,0,0,0,0,68,100%,0,0%,0,0%,
48,2023,2023-12-17,14,15,25.045,GNB,,TAM,L 20-34,*,29,39,74.36,284,2,0,111.5,2,23,7.28,8.31,2,1,0.50,0,,0,0,1,1,0,0,0,0,60,100%,0,0%,0,0%,
49,2023,2023-12-24,15,16,25.052,GNB,@,CAR,W 33-30,*,17,28,60.71,219,2,0,109.1,1,12,7.82,9.25,2,12,6.00,1,,1,6,0,0,0,0,0,0,66,100%,0,0%,0,0%,
50,2023,2023-12-31,16,17,25.059,GNB,@,MIN,W 33-10,*,24,33,72.73,256,3,0,125.3,0,0,7.76,9.58,2,2,1.00,1,,1,6,0,0,0,0,0,0,66,89%,0,0%,0,0%,
51,2023,2024-01-07,17,18,25.066,GNB,,CHI,W 17-9,*,27,32,84.38,316,2,0,128.6,1,8,9.88,11.13,3,-1,-0.33,0,,0,0,1,1,0,0,0,0,60,100%,0,0%,0,0%,
52,2024,2024-09-06,1,1,25.309,GNB,@,PHI,L 29-34,*,17,34,50.00,260,2,1,83.0,1,5,7.65,7.50,0,0,,0,,0,0,0,0,0,0,0,0,65,97%,0,0%,0,0%,
55,2024,2024-09-29,4,4,25.332,GNB,,MIN,L 29-31,*,32,54,59.26,389,4,3,83.0,1,10,7.20,6.19,1,6,6.00,0,,0,0,0,0,0,0,0,0,76,100%,0,0%,0,0%,
56,2024,2024-10-06,5,5,25.339,GNB,@,LAR,W 24-19,*,15,26,57.69,224,2,1,95.7,2,27,8.62,8.42,3,10,3.33,0,,0,0,1,0,0,0,0,0,59,100%,0,0%,0,0%