Rk,Year,Date,G#,Week,Age,Tm,,Opp,Result,GS,Cmp,Att,Cmp%,Yds,TD,Int,Rate,Sk,Yds,Y/A,AY/A,Att,Yds,Y/A,TD,TD,Pts,Fmb,FL,FF,FR,Yds,TD,Num,Pct,Num,Pct,Num,Pct,Status
1,2021,2021-09-12,1,1,22.191,CHI,@,LAR,L 14-34,,2,2,100.00,10,0,0,87.5,0,0,5.00,5.00,1,3,3.00,1,1,6,0,0,0,0,0,0,5,7%,0,0%,0,0%,
2,2021,2021-09-19,2,2,22.198,CHI,,CIN,W 20-17,,6,13,46.15,60,0,1,27.7,2,25,4.62,1.15,10,31,3.10,0,0,0,1,0,0,1,0,0,42,65%,0,0%,0,0%,
3,2021,2021-09-26,3,3,22.205,CHI,@,CLE,L 6-26,*,6,20,30.00,68,0,0,41.2,9,67,3.40,3.40,3,12,4.00,0,0,0,0,0,0,0,0,0,45,100%,0,0%,0,0%,
4,2021,2021-10-03,4,4,22.212,CHI,,DET,W 24-14,*,11,17,64.71,209,0,1,82.7,1,24,12.29,9.65,3,9,3.00,0,0,0,1,0,0,1,0,0,58,100%,0,0%,0,0%,
5,2021,2021-10-10,5,5,22.219,CHI,@,LVR,W 20-9,*,12,20,60.00,111,1,0,91.9,2,10,5.55,6.55,3,4,1.33,0,0,0,1,0,0,0,0,0,61,95%,0,0%,0,0%,
6,2021,2021-10-17,6,6,22.226,CHI,,GNB,L 14-24,*,16,27,59.26,174,1,1,75.2,4,37,6.44,5.52,6,43,7.17,0,0,0,0,0,0,0,-4,0,61,100%,0,0%,0,0%,
7,2021,2021-10-24,7,7,22.233,CHI,@,TAM,L 3-38,*,22,32,68.75,184,0,3,44.3,4,16,5.75,1.53,8,38,4.75,0,0,0,3,2,0,1,-2,0,66,100%,0,0%,0,0%,
8,2021,2021-10-31,8,8,22.240,CHI,,SFO,L 22-33,*,19,27,70.37,175,1,1,84.6,4,27,6.48,5.56,10,103,10.30,1,1,6,2,0,0,0,-5,0,70,100%,0,0%,0,0%,
9,2021,2021-11-08,9,9,22.248,CHI,@,PIT,L 27-29,*,17,29,58.62,291,1,1,89.9,3,13,10.03,9.17,8,45,5.63,0,0,0,0,0,0,0,0,0,62,100%,0,0%,0,0%,
10,2021,2021-11-21,10,11,22.261,CHI,,BAL,L 13-16,*,4,11,36.36,79,0,0,62.3,2,1,7.18,7.18,4,23,5.75,0,0,0,1,1,0,0,0,0,30,51%,0,0%,0,0%,
13,2021,2021-12-12,13,14,22.282,CHI,@,GNB,L 30-45,*,18,33,54.55,224,2,2,70.8,2,14,6.79,5.27,9,74,8.22,0,0,0,1,1,0,0,0,0,62,100%,0,0%,0,0%,
14,2021,2021-12-20,14,15,22.290,CHI,,MIN,L 9-17,*,26,39,66.67,285,1,0,96.6,3,30,7.31,7.82,7,35,5.00,0,0,0,2,1,0,1,0,0,73,100%,0,0%,0,0%,
18,2022,2022-09-11,1,1,23.190,CHI,,SFO,W 19-10,*,8,17,47.06,121,2,1,85.7,2,16,7.12,6.82,11,28,2.55,0,0,0,0,0,0,0,0,0,58,100%,0,0%,0,0%,
19,2022,2022-09-18,2,2,23.197,CHI,@,GNB,L 10-27,*,7,11,63.64,70,0,1,43.8,3,22,6.36,2.27,8,20,2.50,1,1,6,1,0,0,1,0,0,41,100%,0,0%,0,0%,
20,2022,2022-09-25,3,3,23.204,CHI,,HOU,W 23-20,*,8,17,47.06,106,0,2,27.7,5,24,6.24,0.94,8,47,5.88,0,0,0,2,0,0,1,-1,0,63,100%,0,0%,0,0%,
21,2022,2022-10-02,4,4,23.211,CHI,@,NYG,L 12-20,*,11,22,50.00,174,0,0,76.7,6,19,7.91,7.91,7,52,7.43,0,0,0,1,1,0,1,-18,0,62,100%,0,0%,0,0%,
22,2022,2022-10-09,5,5,23.218,CHI,@,MIN,L 22-29,*,15,21,71.43,208,1,0,118.7,2,15,9.90,10.86,8,47,5.88,0,0,0,2,0,0,1,2,0,50,100%,0,0%,0,0%,
23,2022,2022-10-13,6,6,23.222,CHI,,WAS,L 7-12,*,14,27,51.85,190,1,1,71.5,5,36,7.04,6.11,12,88,7.33,0,0,0,1,0,0,0,0,0,72,100%,0,0%,0,0%,
24,2022,2022-10-24,7,7,23.233,CHI,@,NWE,W 33-14,*,13,21,61.90,179,1,1,85.2,4,32,8.52,7.33,14,82,5.86,1,1,6,4,0,0,2,0,0,71,100%,0,0%,0,0%,
25,2022,2022-10-30,8,8,23.239,CHI,@,DAL,L 29-49,*,17,23,73.91,151,2,0,120.0,4,25,6.57,8.30,8,60,7.50,1,1,6,0,0,0,0,0,0,76,96%,0,0%,0,0%,
26,2022,2022-11-06,9,9,23.246,CHI,,MIA,L 32-35,*,17,28,60.71,123,3,0,106.7,2,7,4.39,6.54,15,178,11.87,1,1,6,0,0,0,0,0,0,74,100%,0,0%,0,0%,
27,2022,2022-11-13,10,10,23.253,CHI,,DET,L 30-31,*,12,20,60.00,167,2,1,99.4,3,17,8.35,8.10,13,147,11.31,2,2,12,1,0,0,0,0,0,61,100%,0,0%,0,0%,
28,2022,2022-11-20,11,11,23.260,CHI,@,ATL,L 24-27,*,14,21,66.67,153,1,1,84.0,4,25,7.29,6.10,18,85,4.72,1,1,6,1,0,0,1,1,0,69,100%,0,0%,0,0%,
30,2022,2022-12-04,13,13,23.274,CHI,,GNB,L 19-28,*,20,25,80.00,254,0,2,75.7,0,0,10.16,6.56,6,71,11.83,1,1,6,0,0,0,0,0,0,52,100%,0,0%,0,0%,
31,2022,2022-12-18,14,15,23.288,CHI,,PHI,L 20-25,*,14,21,66.67,152,2,0,119.5,6,61,7.24,9.14,15,95,6.33,0,0,0,2,0,0,0,-6,0,58,98%,0,0%,0,0%,
32,2022,2022-12-24,15,16,23.294,CHI,,BUF,L 13-35,*,15,23,65.22,119,1,0,92.5,2,15,5.17,6.04,7,11,1.57,0,0,0,0,0,0,1,0,0,58,92%,0,0%,0,0%,
33,2022,2023-01-01,16,17,23.302,CHI,@,DET,L 10-41,*,7,21,33.33,75,1,1,40.8,7,45,3.57,2.38,10,132,13.20,0,0,0,1,1,0,0,0,0,52,100%,0,0%,0,0%,
35,2023,2023-09-10,1,1,24.189,CHI,,GNB,L 20-38,*,24,37,64.86,216,1,1,78.2,4,27,5.84,5.16,9,59,6.56,0,0,0,1,1,0,0,0,0,74,100%,0,0%,0,0%,
36,2023,2023-09-17,2,2,24.196,CHI,@,TAM,L 17-27,*,16,29,55.17,211,1,2,61.1,6,42,7.28,4.86,4,3,0.75,1,1,6,2,0,0,1,-8,0,53,100%,0,0%,0,0%,
37,2023,2023-09-24,3,3,24.203,CHI,@,KAN,L 10-41,*,11,22,50.00,99,1,1,58.7,3,12,4.50,3.36,11,47,4.27,0,0,0,0,0,0,0,0,0,51,100%,0,0%,0,0%,
38,2023,2023-10-01,4,4,24.210,CHI,,DEN,L 28-31,*,28,35,80.00,335,4,1,132.7,4,35,9.57,10.57,4,25,6.25,0,0,0,1,1,0,0,0,0,72,100%,0,0%,0,0%,
39,2023,2023-10-05,5,5,24.214,CHI,@,WAS,W 40-20,*,15,29,51.72,282,4,0,125.3,3,9,9.72,12.48,11,57,5.18,0,0,0,0,0,0,0,0,0,64,100%,0,0%,0,0%,
40,2023,2023-10-15,6,6,24.224,CHI,,MIN,L 13-19,*,6,10,60.00,58,0,1,36.7,4,18,5.80,1.30,8,46,5.75,0,0,0,0,0,0,0,0,0,35,53%,0,0%,0,0%,
45,2023,2023-11-19,11,11,24.259,CHI,@,DET,L 26-31,*,16,23,69.57,169,1,0,105.2,2,18,7.35,8.22,18,104,5.78,0,0,0,1,0,0,0,0,0,75,100%,0,0%,0,0%,
46,2023,2023-11-27,12,12,24.267,CHI,@,MIN,W 12-10,*,27,37,72.97,217,0,0,87.3,3,18,5.86,5.86,12,59,4.92,0,0,0,2,2,0,0,0,0,70,100%,0,0%,0,0%,
47,2023,2023-12-10,13,14,24.280,CHI,,DET,W 28-13,*,19,33,57.58,223,1,0,88.3,3,29,6.76,7.36,12,58,4.83,1,1,6,0,0,0,0,0,0,71,100%,0,0%,0,0%,
48,2023,2023-12-17,14,15,24.287,CHI,@,CLE,L 17-20,*,19,40,47.50,166,1,2,46.5,3,18,4.15,2.40,7,30,4.29,0,0,0,2,0,0,0,0,0,73,100%,0,0%,0,0%,
49,2023,2023-12-24,15,16,24.294,CHI,,ARI,W 27-16,*,15,27,55.56,170,1,1,71.5,1,0,6.30,5.37,9,97,10.78,1,1,6,0,0,0,0,0,0,70,100%,0,0%,0,0%,
50,2023,2023-12-31,16,17,24.301,CHI,,ATL,W 37-17,*,20,32,62.50,268,1,0,99.5,3,28,8.38,9.00,11,45,4.09,1,1,6,1,0,0,0,0,0,74,100%,0,0%,0,0%,
51,2023,2024-01-07,17,18,24.308,CHI,@,GNB,L 9-17,*,11,16,68.75,148,0,0,97.9,5,31,9.25,9.25,8,27,3.38,0,0,0,0,0,0,0,0,0,47,98%,0,0%,0,0%,
52,2024,2024-09-08,1,1,25.187,PIT,@,ATL,W 18-10,*,17,23,73.91,156,0,0,91.9,2,23,6.78,6.78,14,57,4.07,0,0,0,1,0,0,1,0,0,68,100%,0,0%,0,0%,
53,2024,2024-09-15,2,2,25.194,PIT,@,DEN,W 13-6,*,13,20,65.00,117,1,0,97.3,2,7,5.85,6.85,8,27,3.38,0,0,0,1,0,0,0,-2,0,66,100%,0,0%,0,0%,
54,2024,2024-09-22,3,3,25.201,PIT,,LAC,W 20-10,*,25,32,78.13,245,1,1,96.0,2,13,7.66,6.88,6,6,1.00,1,1,6,0,0,0,0,0,0,68,100%,0,0%,0,0%,
55,2024,2024-09-29,4,4,25.208,PIT,@,IND,L 24-27,*,22,34,64.71,312,1,0,104.0,4,30,9.18,9.76,10,55,5.50,2,2,12,2,1,0,1,-12,0,70,100%,0,0%,0,0%,
56,2024,2024-10-06,5,5,25.215,PIT,,DAL,L 17-20,*,15,27,55.56,131,2,0,93.3,3,16,4.85,6.33,6,27,4.50,0,0,0,1,0,0,1,0,0,56,97%,0,0%,0,0%,