Rk,Year,Date,G#,Week,Age,Tm,,Opp,Result,GS,Cmp,Att,Cmp%,Yds,TD,Int,Rate,Sk,Yds,Y/A,AY/A,Att,Yds,Y/A,TD,Tgt,Rec,Yds,Y/R,TD,Ctch%,Y/Tgt,2PM,TD,Pts,Sk,Solo,Ast,Comb,TFL,QBHits,Fmb,FL,FF,FR,Yds,TD,Num,Pct,Num,Pct,Num,Pct,Status
2,2020,2020-09-20,2,2,22.194,LAC,,KAN,L 20-23,*,22,33,66.67,311,1,1,94.4,2,15,9.42,8.67,4,18,4.50,1,0,0,0,,0,0.0%,,,1,6,0.0,0,0,0,0,0,0,0,0,0,0,0,83,100%,0,0%,0,0%,
3,2020,2020-09-27,3,3,22.201,LAC,,CAR,L 16-21,*,35,49,71.43,330,1,1,88.0,2,11,6.73,6.22,3,15,5.00,0,0,0,0,,0,0.0%,,,0,0,0.0,0,0,0,0,0,2,1,0,0,-11,0,78,100%,0,0%,0,0%,
4,2020,2020-10-04,4,4,22.208,LAC,@,TAM,L 31-38,*,20,25,80.00,290,3,1,137.9,2,12,11.60,12.20,5,14,2.80,0,0,0,0,,0,0.0%,,,0,0,0.0,0,0,0,0,0,0,0,0,0,0,0,53,100%,0,0%,0,0%,
5,2020,2020-10-12,5,5,22.216,LAC,@,NOR,L 27-30,*,20,34,58.82,264,4,0,122.7,3,25,7.76,10.12,4,8,2.00,0,0,0,0,,0,0.0%,,,0,0,0.0,0,0,0,0,0,1,0,0,1,-1,0,71,100%,0,0%,0,0%,
6,2020,2020-10-25,6,7,22.229,LAC,,JAX,W 39-29,*,27,43,62.79,347,3,0,111.3,1,2,8.07,9.47,9,66,7.33,1,0,0,0,,0,0.0%,,,1,6,0.0,0,0,0,0,0,0,0,0,0,0,0,79,98%,0,0%,0,0%,
7,2020,2020-11-01,7,8,22.236,LAC,@,DEN,L 30-31,*,29,43,67.44,278,3,2,89.1,2,3,6.47,5.77,3,21,7.00,0,0,0,0,,0,0.0%,,,0,0,0.0,0,0,0,0,0,0,0,0,0,0,0,87,100%,0,0%,0,0%,
8,2020,2020-11-08,8,9,22.243,LAC,,LVR,L 26-31,*,28,42,66.67,326,2,0,105.9,2,14,7.76,8.71,5,24,4.80,0,0,0,0,,0,0.0%,,,0,0,0.0,0,0,0,0,0,1,0,0,0,0,0,78,99%,0,0%,0,0%,
9,2020,2020-11-15,9,10,22.250,LAC,@,MIA,L 21-29,*,20,32,62.50,187,2,1,86.3,2,13,5.84,5.69,4,10,2.50,1,0,0,0,,0,0.0%,,,1,6,0.0,0,0,0,0,0,0,0,0,0,0,0,63,98%,0,0%,0,0%,
10,2020,2020-11-22,10,11,22.257,LAC,,NYJ,W 34-28,*,37,49,75.51,366,3,0,116.5,3,19,7.47,8.69,2,11,5.50,0,0,0,0,,0,0.0%,,,0,0,0.0,0,0,0,0,0,0,0,0,0,0,0,82,100%,0,0%,0,0%,
11,2020,2020-11-29,11,12,22.264,LAC,@,BUF,L 17-27,*,31,52,59.62,316,1,1,75.5,3,25,6.08,5.60,2,-2,-1.00,0,0,0,0,,0,0.0%,,,0,0,0.0,0,0,0,0,0,2,0,0,2,0,0,83,100%,0,0%,0,0%,
12,2020,2020-12-06,12,13,22.271,LAC,,NWE,L 0-45,*,26,53,49.06,209,0,2,43.7,3,21,3.94,2.25,0,0,,0,0,0,0,,0,0.0%,,,0,0,0.0,0,0,0,0,0,0,0,0,0,0,0,72,100%,0,0%,0,0%,
13,2020,2020-12-13,13,14,22.278,LAC,,ATL,W 20-17,*,36,44,81.82,243,2,1,95.4,1,3,5.52,5.41,0,0,,0,0,0,0,,0,0.0%,,,0,0,0.0,0,0,0,0,0,0,0,0,0,0,0,73,100%,0,0%,0,0%,
14,2020,2020-12-17,14,15,22.282,LAC,@,LVR,W 30-27,*,22,32,68.75,314,2,0,121.1,1,8,9.81,11.06,4,14,3.50,1,0,0,0,,0,0.0%,,,1,6,0.0,0,0,0,0,0,1,0,0,0,0,0,66,100%,0,0%,0,0%,
15,2020,2020-12-27,15,16,22.292,LAC,,DEN,W 19-16,*,21,33,63.64,253,1,0,97.2,2,26,7.67,8.27,4,26,6.50,0,0,0,0,,0,0.0%,,,0,0,0.0,0,0,0,0,0,1,0,0,0,0,0,57,100%,0,0%,0,0%,
16,2020,2021-01-03,16,17,22.299,LAC,@,KAN,W 38-21,*,22,31,70.97,302,3,0,134.1,3,21,9.74,11.68,6,9,1.50,1,0,0,0,,0,0.0%,,,1,6,0.0,0,0,0,0,0,0,0,0,0,0,0,72,100%,0,0%,0,0%,
17,2021,2021-09-12,1,1,23.186,LAC,@,WAS,W 20-16,*,31,47,65.96,337,1,1,85.2,2,3,7.17,6.64,4,-1,-0.25,0,0,0,0,,0,0.0%,,,0,0,0.0,0,0,0,0,0,1,1,0,0,0,0,81,100%,0,0%,0,0%,
18,2021,2021-09-19,2,2,23.193,LAC,,DAL,L 17-20,*,31,41,75.61,338,1,2,87.2,2,25,8.24,6.54,4,12,3.00,0,0,0,0,,0,0.0%,,,0,0,0.0,0,0,0,0,0,0,0,0,0,0,0,71,100%,0,0%,0,0%,
19,2021,2021-09-26,3,3,23.200,LAC,@,KAN,W 30-24,*,26,38,68.42,281,4,0,125.0,1,6,7.39,9.50,4,16,4.00,0,0,0,0,,0,0.0%,,,0,0,0.0,0,0,0,0,0,0,0,0,0,0,0,66,100%,0,0%,0,0%,
20,2021,2021-10-04,4,4,23.208,LAC,,LVR,W 28-14,*,25,38,65.79,222,3,0,107.6,2,10,5.84,7.42,3,4,1.33,0,0,0,0,,0,0.0%,,,0,0,0.0,0,0,0,0,0,0,0,0,0,0,0,75,100%,0,0%,0,0%,
21,2021,2021-10-10,5,5,23.214,LAC,,CLE,W 47-42,*,26,43,60.47,398,4,0,122.0,2,17,9.26,11.12,4,29,7.25,1,0,0,0,,0,0.0%,,,1,6,0.0,0,0,0,0,0,0,0,0,0,0,0,75,100%,0,0%,0,0%,
22,2021,2021-10-17,6,6,23.221,LAC,@,BAL,L 6-34,*,22,39,56.41,195,1,1,67.8,2,13,5.00,4.36,2,12,6.00,0,0,0,0,,0,0.0%,,,0,0,0.0,0,0,0,0,0,0,0,0,0,0,0,56,100%,0,0%,0,0%,
23,2021,2021-10-31,7,8,23.235,LAC,,NWE,L 24-27,*,18,35,51.43,223,2,2,66.7,3,17,6.37,4.94,2,9,4.50,0,0,0,0,,0,0.0%,,,0,0,0.0,0,0,0,0,0,0,0,0,0,0,0,60,100%,0,0%,0,0%,
24,2021,2021-11-07,8,9,23.242,LAC,@,PHI,W 27-24,*,32,38,84.21,356,2,0,123.2,0,0,9.37,10.42,5,14,2.80,1,0,0,0,,0,0.0%,,,1,6,0.0,0,0,0,0,0,0,0,0,0,0,0,69,100%,0,0%,0,0%,
25,2021,2021-11-14,9,10,23.249,LAC,,MIN,L 20-27,*,20,34,58.82,195,1,1,72.5,2,24,5.74,5.00,2,22,11.00,0,0,0,0,,0,0.0%,,,0,0,0.0,0,0,0,0,0,0,0,0,0,0,0,59,100%,0,0%,0,0%,
26,2021,2021-11-21,10,11,23.256,LAC,,PIT,W 41-37,*,30,41,73.17,382,3,1,116.1,2,8,9.32,9.68,9,90,10.00,0,0,0,0,,0,0.0%,,,0,0,0.0,0,0,0,0,0,0,0,0,0,0,0,76,100%,0,0%,0,0%,
27,2021,2021-11-28,11,12,23.263,LAC,@,DEN,L 13-28,*,28,44,63.64,303,2,2,80.0,3,18,6.89,5.75,4,36,9.00,0,0,0,0,,0,0.0%,,,0,0,0.0,0,0,0,0,0,0,0,0,0,0,0,71,100%,0,0%,0,0%,
28,2021,2021-12-05,12,13,23.270,LAC,@,CIN,W 41-22,*,26,35,74.29,317,3,1,118.4,4,33,9.06,9.49,1,6,6.00,0,0,0,0,,0,0.0%,,1,0,2,0.0,1,0,1,0,0,0,0,0,0,0,0,64,100%,0,0%,0,0%,
29,2021,2021-12-12,13,14,23.277,LAC,,NYG,W 37-21,*,23,31,74.19,275,3,0,133.1,2,4,8.87,10.81,4,19,4.75,0,0,0,0,,0,0.0%,,,0,0,0.0,0,0,0,0,0,0,0,0,0,0,0,66,93%,0,0%,0,0%,
30,2021,2021-12-16,14,15,23.281,LAC,,KAN,L 28-34,*,22,38,57.89,236,2,1,82.8,0,0,6.21,6.08,5,16,3.20,1,0,0,0,,0,0.0%,,,1,6,0.0,0,0,0,0,0,0,0,0,0,0,0,80,100%,0,0%,0,0%,
31,2021,2021-12-26,15,16,23.291,LAC,@,HOU,L 29-41,*,27,35,77.14,336,1,2,92.1,1,8,9.60,7.60,4,15,3.75,0,0,0,0,,0,0.0%,,,0,0,0.0,0,0,0,0,0,0,0,0,0,0,0,62,100%,0,0%,0,0%,
32,2021,2022-01-02,16,17,23.298,LAC,,DEN,W 34-13,*,22,31,70.97,237,2,0,114.6,0,0,7.65,8.94,4,2,0.50,0,0,0,0,,0,0.0%,,,0,0,0.0,0,0,0,0,0,0,0,0,0,0,0,67,100%,0,0%,0,0%,
33,2021,2022-01-09,17,18,23.305,LAC,@,LVR,L 32-35,*,34,64,53.13,383,3,1,80.4,3,28,5.98,6.22,2,1,0.50,0,0,0,0,,0,0.0%,,,0,0,0.0,0,0,0,0,0,0,0,0,0,0,0,93,100%,0,0%,0,0%,
34,2022,2022-09-11,1,1,24.185,LAC,,LVR,W 24-19,*,26,34,76.47,279,3,0,129.4,0,0,8.21,9.97,4,1,0.25,0,0,0,0,,0,0.0%,,,0,0,0.0,0,0,0,0,0,0,0,0,0,0,0,67,100%,0,0%,0,0%,
35,2022,2022-09-15,2,2,24.189,LAC,@,KAN,L 24-27,*,33,48,68.75,334,3,1,100.5,2,8,6.96,7.27,2,1,0.50,0,0,0,0,,0,0.0%,,,0,0,0.0,0,0,0,0,0,0,0,0,0,0,0,74,99%,0,0%,0,0%,
36,2022,2022-09-25,3,3,24.199,LAC,,JAX,L 10-38,*,25,45,55.56,297,1,1,74.0,1,11,6.60,6.04,1,7,7.00,0,0,0,0,,0,0.0%,,,0,0,0.0,0,0,0,0,0,1,1,0,0,0,0,61,100%,0,0%,0,0%,
37,2022,2022-10-02,4,4,24.206,LAC,@,HOU,W 34-24,*,27,39,69.23,340,2,0,113.2,1,2,8.72,9.74,4,-5,-1.25,0,0,0,0,,0,0.0%,,,0,0,0.0,0,0,0,0,0,0,0,0,0,0,0,70,100%,0,0%,0,0%,
38,2022,2022-10-09,5,5,24.213,LAC,@,CLE,W 30-28,*,22,34,64.71,228,1,0,93.7,1,1,6.71,7.29,5,13,2.60,0,0,0,0,,0,0.0%,,,0,0,0.0,0,0,0,0,0,0,0,0,0,0,0,71,100%,0,0%,0,0%,
39,2022,2022-10-17,6,6,24.221,LAC,,DEN,W 19-16,*,37,57,64.91,238,0,1,66.3,2,14,4.18,3.39,2,9,4.50,0,0,0,0,,0,0.0%,,,0,0,0.0,0,0,0,0,0,0,0,0,0,0,0,93,100%,0,0%,0,0%,
40,2022,2022-10-23,7,7,24.227,LAC,,SEA,L 23-37,*,33,51,64.71,293,2,1,84.8,3,17,5.75,5.65,3,22,7.33,0,1,1,-8,-8.00,0,100.0%,-8.00,,0,0,0.0,1,0,1,0,0,1,1,0,0,0,0,71,100%,0,0%,0,0%,
41,2022,2022-11-06,8,9,24.241,LAC,@,ATL,W 20-17,*,30,43,69.77,245,1,1,82.0,0,0,5.70,5.12,1,3,3.00,0,0,0,0,,0,0.0%,,,0,0,0.0,0,0,0,0,0,0,0,0,0,0,0,69,100%,0,0%,0,0%,
42,2022,2022-11-13,9,10,24.248,LAC,@,SFO,L 16-22,*,21,35,60.00,196,1,1,73.0,2,8,5.60,4.89,5,22,4.40,0,0,0,0,,0,0.0%,,,0,0,0.0,0,0,0,0,0,1,0,0,0,0,0,55,95%,0,0%,0,0%,
43,2022,2022-11-20,10,11,24.255,LAC,,KAN,L 27-30,*,23,30,76.67,280,2,1,113.2,5,30,9.33,9.17,5,17,3.40,0,1,1,-2,-2.00,0,100.0%,-2.00,,0,0,0.0,0,0,0,0,0,0,0,0,0,0,0,65,100%,0,0%,0,0%,
44,2022,2022-11-27,11,12,24.262,LAC,@,ARI,W 25-24,*,35,47,74.47,274,3,0,109.7,4,28,5.83,7.11,4,38,9.50,0,0,0,0,,0,0.0%,,,0,0,0.0,0,0,0,0,0,0,0,0,0,0,0,66,100%,0,0%,0,0%,
45,2022,2022-12-04,12,13,24.269,LAC,@,LVR,L 20-27,*,28,47,59.57,335,1,0,88.5,5,21,7.13,7.55,5,7,1.40,0,0,0,0,,0,0.0%,,,0,0,0.0,0,0,0,0,0,2,0,0,2,0,0,75,100%,0,0%,0,0%,
46,2022,2022-12-11,13,14,24.276,LAC,,MIA,W 23-17,*,39,51,76.47,367,1,0,102.3,4,17,7.20,7.59,4,8,2.00,0,0,0,0,,0,0.0%,,,0,0,0.0,0,0,0,0,0,1,0,0,1,0,0,80,100%,0,0%,0,0%,
47,2022,2022-12-18,14,15,24.283,LAC,,TEN,W 17-14,*,28,42,66.67,313,0,2,68.8,3,22,7.45,5.31,1,2,2.00,0,0,0,0,,0,0.0%,,,0,0,0.0,0,0,0,0,0,0,0,0,0,0,0,71,100%,0,0%,0,0%,
48,2022,2022-12-26,15,16,24.291,LAC,@,IND,W 20-3,*,24,31,77.42,235,0,1,84.7,4,22,7.58,6.13,5,1,0.20,0,0,0,0,,0,0.0%,,,0,0,0.0,0,0,0,0,0,1,1,0,0,0,0,68,100%,0,0%,0,0%,
49,2022,2023-01-01,16,17,24.297,LAC,,LAR,W 31-10,*,21,28,75.00,212,2,0,119.9,0,0,7.57,9.00,1,2,2.00,0,0,0,0,,0,0.0%,,,0,0,0.0,0,0,0,0,0,0,0,0,0,0,0,51,80%,0,0%,0,0%,
50,2022,2023-01-08,17,18,24.304,LAC,@,DEN,L 28-31,*,25,37,67.57,273,2,0,107.2,1,5,7.38,8.46,2,-1,-0.50,0,0,0,0,,0,0.0%,,,0,0,0.0,0,0,0,0,0,1,0,0,1,0,0,55,81%,0,0%,0,0%,
51,2023,2023-09-10,1,1,25.184,LAC,,MIA,L 34-36,*,23,33,69.70,229,1,0,99.2,3,29,6.94,7.55,5,17,3.40,1,0,0,0,,0,0.0%,,,1,6,0.0,0,0,0,0,0,0,0,0,0,0,0,81,100%,0,0%,0,0%,
52,2023,2023-09-17,2,2,25.191,LAC,@,TEN,L 24-27,*,27,41,65.85,305,2,0,104.2,3,24,7.44,8.41,1,0,0.00,0,0,0,0,,0,0.0%,,,0,0,0.0,0,0,0,0,0,0,0,0,0,0,0,68,100%,0,0%,0,0%,
53,2023,2023-09-24,3,3,25.198,LAC,@,MIN,W 28-24,*,40,47,85.11,405,3,0,123.8,1,9,8.62,9.89,2,11,5.50,0,0,0,0,,0,0.0%,,,0,0,0.0,0,0,0,0,0,1,0,0,1,0,0,66,100%,0,0%,0,0%,
54,2023,2023-10-01,4,4,25.205,LAC,,LVR,W 24-17,*,13,24,54.17,167,1,1,72.7,2,17,6.96,5.92,12,27,2.25,2,0,0,0,,0,0.0%,,,2,12,0.0,0,0,0,0,0,0,0,0,0,0,0,65,100%,0,0%,0,0%,
55,2023,2023-10-16,5,6,25.220,LAC,,DAL,L 17-20,*,22,37,59.46,227,2,1,84.0,1,8,6.14,6.00,6,20,3.33,0,1,1,10,10.00,0,100.0%,10.00,,0,0,0.0,0,0,0,0,0,0,0,0,0,0,0,73,100%,0,0%,0,0%,
56,2023,2023-10-22,6,7,25.226,LAC,@,KAN,L 17-31,*,17,30,56.67,259,1,2,68.6,5,40,8.63,6.30,2,5,2.50,0,0,0,0,,0,0.0%,,,0,0,0.0,0,0,0,0,0,0,0,0,0,0,0,63,100%,0,0%,0,0%,
57,2023,2023-10-29,7,8,25.233,LAC,,CHI,W 30-13,*,31,40,77.50,298,3,0,122.7,0,0,7.45,8.95,1,1,1.00,0,0,0,0,,0,0.0%,,,0,0,0.0,0,0,0,0,0,0,0,0,0,0,0,69,100%,0,0%,0,0%,
58,2023,2023-11-06,8,9,25.241,LAC,@,NYJ,W 27-6,*,16,30,53.33,136,0,0,65.4,5,29,4.53,4.53,3,17,5.67,0,0,0,0,,0,0.0%,,,0,0,0.0,0,0,0,0,0,1,0,0,1,0,0,58,100%,0,0%,0,0%,
59,2023,2023-11-12,9,10,25.247,LAC,,DET,L 38-41,*,27,40,67.50,323,4,1,114.9,0,0,8.08,8.95,4,15,3.75,0,0,0,0,,0,0.0%,,,0,0,0.0,0,0,0,0,0,0,0,0,0,0,0,72,100%,0,0%,0,0%,
60,2023,2023-11-19,10,11,25.254,LAC,@,GNB,L 20-23,*,21,36,58.33,260,2,0,99.3,2,16,7.22,8.33,8,73,9.13,0,0,0,0,,0,0.0%,,,0,0,0.0,0,0,0,0,0,1,0,0,1,-4,0,65,100%,0,0%,0,0%,
61,2023,2023-11-26,11,12,25.261,LAC,,BAL,L 10-20,*,29,44,65.91,217,1,1,75.7,3,24,4.93,4.36,4,47,11.75,0,0,0,0,,0,0.0%,,,0,0,0.0,0,0,0,0,0,1,1,0,0,0,0,66,100%,0,0%,0,0%,
62,2023,2023-12-03,12,13,25.268,LAC,@,NWE,W 6-0,*,22,37,59.46,212,0,0,75.5,0,0,5.73,5.73,4,-5,-1.25,0,0,0,0,,0,0.0%,,,0,0,0.0,0,0,0,0,0,0,0,0,0,0,0,61,100%,0,0%,0,0%,
63,2023,2023-12-10,13,14,25.275,LAC,,DEN,L 7-24,*,9,17,52.94,96,0,1,45.2,4,37,5.65,3.00,0,0,,0,0,0,0,,0,0.0%,,,0,0,0.0,0,0,0,0,0,0,0,0,0,0,0,31,46%,0,0%,0,0%,
68,2024,2024-09-08,1,1,26.182,LAC,,LVR,W 22-10,*,17,26,65.38,144,1,0,92.5,1,4,5.54,6.31,4,6,1.50,0,0,0,0,,0,0.0%,,,0,0,0.0,0,0,0,0,0,0,0,0,0,0,0,57,100%,0,0%,0,0%,
69,2024,2024-09-15,2,2,26.189,LAC,@,CAR,W 26-3,*,14,20,70.00,130,2,1,100.0,1,0,6.50,6.25,6,18,3.00,0,0,0,0,,0,0.0%,,,0,0,0.0,0,0,0,0,0,1,1,0,0,0,0,69,100%,0,0%,0,0%,
70,2024,2024-09-22,3,3,26.196,LAC,@,PIT,L 10-20,*,12,18,66.67,125,1,0,105.1,2,16,6.94,8.06,1,0,0.00,0,0,0,0,,0,0.0%,,,0,0,0.0,0,0,0,0,0,1,0,0,1,0,0,36,78%,0,0%,0,0%,
71,2024,2024-09-29,4,4,26.203,LAC,,KAN,L 10-17,*,16,27,59.26,179,1,0,91.4,2,10,6.63,7.37,3,0,0.00,0,0,0,0,,0,0.0%,,,0,0,0.0,0,0,0,0,0,1,0,0,1,-6,0,56,100%,0,0%,0,0%,