Rk,Year,Date,G#,Week,Age,Tm,,Opp,Result,GS,Cmp,Att,Cmp%,Yds,TD,Int,Rate,Sk,Yds,Y/A,AY/A,Att,Yds,Y/A,TD,TD,Pts,Sk,Solo,Ast,Comb,TFL,QBHits,Fmb,FL,FF,FR,Yds,TD,Num,Pct,Num,Pct,Num,Pct,Status
6,2020,2020-10-18,6,6,22.230,MIA,,NYJ,W 24-0,,2,2,100.00,9,0,0,85.4,0,0,4.50,4.50,0,0,,0,0,0,0.0,0,0,0,0,0,0,0,0,0,0,0,5,9%,0,0%,0,0%,
7,2020,2020-11-01,7,8,22.244,MIA,,LAR,W 28-17,*,12,22,54.55,93,1,0,80.3,1,3,4.23,5.14,2,0,0.00,0,0,0,0.0,0,0,0,0,0,1,1,0,0,0,0,49,100%,0,0%,0,0%,
8,2020,2020-11-08,8,9,22.251,MIA,@,ARI,W 34-31,*,20,28,71.43,248,2,0,122.3,3,27,8.86,10.29,7,35,5.00,0,0,0,0.0,0,0,0,0,0,0,0,0,0,0,0,61,100%,0,0%,0,0%,
9,2020,2020-11-15,9,10,22.258,MIA,,LAC,W 29-21,*,15,25,60.00,169,2,0,106.9,0,0,6.76,8.36,6,-1,-0.17,0,0,0,0.0,0,0,0,0,0,0,0,0,1,0,0,58,100%,0,0%,0,0%,
10,2020,2020-11-22,10,11,22.265,MIA,@,DEN,L 13-20,*,11,20,55.00,83,1,0,81.9,6,33,4.15,5.15,0,0,,0,0,0,0.0,0,0,0,0,0,0,0,0,0,0,0,44,68%,0,0%,0,0%,
12,2020,2020-12-06,12,13,22.279,MIA,,CIN,W 19-7,*,26,39,66.67,296,1,0,97.8,0,0,7.59,8.10,3,3,1.00,0,0,0,0.0,0,0,0,0,0,0,0,0,0,0,0,70,100%,0,0%,0,0%,
13,2020,2020-12-13,13,14,22.286,MIA,,KAN,L 27-33,*,28,48,58.33,316,2,1,83.3,4,29,6.58,6.48,6,24,4.00,1,1,6,0.0,0,0,0,0,0,0,0,0,0,0,0,83,100%,0,0%,0,0%,
14,2020,2020-12-20,14,15,22.293,MIA,,NWE,W 22-12,*,20,26,76.92,145,0,1,73.4,2,12,5.58,3.85,3,9,3.00,2,2,12,0.0,0,0,0,0,0,0,0,0,0,0,0,72,100%,0,0%,0,0%,
15,2020,2020-12-26,15,16,22.299,MIA,@,LVR,W 26-25,*,17,22,77.27,94,1,0,99.4,3,23,4.27,5.18,3,11,3.67,0,0,0,0.0,0,0,0,0,0,0,0,0,0,0,0,46,73%,0,0%,0,0%,
16,2020,2021-01-03,16,17,22.307,MIA,@,BUF,L 26-56,*,35,58,60.34,361,1,3,62.5,1,9,6.22,4.24,6,28,4.67,0,0,0,0.0,0,0,0,0,0,0,0,0,0,0,0,83,100%,0,0%,0,0%,
17,2021,2021-09-12,1,1,23.194,MIA,@,NWE,W 17-16,*,16,27,59.26,202,1,1,79.6,2,17,7.48,6.56,4,1,0.25,1,1,6,0.0,0,0,0,0,0,0,0,0,0,0,0,52,96%,0,0%,0,0%,
18,2021,2021-09-19,2,2,23.201,MIA,,BUF,L 0-35,*,1,4,25.00,13,0,0,40.6,2,13,3.25,3.25,0,0,,0,0,0,0.0,0,0,0,0,0,0,0,0,0,0,0,9,12%,0,0%,0,0%,
22,2021,2021-10-17,6,6,23.229,MIA,@,JAX,L 20-23,*,33,47,70.21,329,2,1,95.1,0,0,7.00,6.89,3,22,7.33,0,0,0,0.0,0,0,0,0,0,0,0,0,0,0,0,69,99%,0,0%,0,0%,
23,2021,2021-10-24,7,7,23.236,MIA,,ATL,L 28-30,*,32,40,80.00,291,4,2,109.5,1,10,7.28,7.03,4,29,7.25,0,0,0,0.0,0,0,0,0,0,0,0,0,0,0,0,73,100%,0,0%,0,0%,
24,2021,2021-10-31,8,8,23.243,MIA,@,BUF,L 11-26,*,21,39,53.85,205,0,1,58.2,2,11,5.26,4.10,4,10,2.50,1,1,6,0.0,0,1,1,0,0,1,0,0,0,0,0,69,100%,0,0%,0,0%,
26,2021,2021-11-11,10,10,23.254,MIA,,BAL,W 22-10,,8,13,61.54,158,0,0,104.0,1,6,12.15,12.15,3,0,0.00,1,1,6,0.0,0,0,0,0,0,1,0,0,0,0,0,32,46%,0,0%,0,0%,
27,2021,2021-11-21,11,11,23.264,MIA,@,NYJ,W 24-17,*,27,33,81.82,273,2,1,108.7,0,0,8.27,8.12,3,6,2.00,0,0,0,0.0,0,0,0,0,0,0,0,0,0,0,0,72,100%,0,0%,0,0%,
28,2021,2021-11-28,12,12,23.271,MIA,,CAR,W 33-10,*,27,31,87.10,230,1,0,108.3,2,26,7.42,8.06,4,0,0.00,0,0,0,0.0,0,0,0,0,0,2,0,0,1,0,0,74,100%,0,0%,0,0%,
29,2021,2021-12-05,13,13,23.278,MIA,,NYG,W 20-9,*,30,41,73.17,244,2,0,104.1,2,15,5.95,6.93,2,1,0.50,0,0,0,0.0,0,0,0,0,0,0,0,0,0,0,0,69,100%,0,0%,0,0%,
30,2021,2021-12-19,14,15,23.292,MIA,,NYJ,W 31-24,*,16,27,59.26,196,2,2,75.5,1,0,7.26,5.41,7,19,2.71,0,0,0,0.0,0,0,0,0,0,1,0,0,1,3,0,68,96%,0,0%,0,0%,
31,2021,2021-12-27,15,16,23.300,MIA,@,NOR,W 20-3,*,19,26,73.08,198,1,1,91.5,2,25,7.62,6.65,1,1,1.00,0,0,0,0.0,0,0,0,0,0,1,0,0,0,0,0,61,94%,0,0%,0,0%,
32,2021,2022-01-02,16,17,23.306,MIA,@,TEN,L 3-34,*,18,38,47.37,205,0,1,53.1,4,23,5.39,4.21,2,1,0.50,0,0,0,0.0,0,0,0,0,0,3,1,0,0,-1,0,61,98%,0,0%,0,0%,
33,2021,2022-01-09,17,18,23.313,MIA,,NWE,W 33-24,*,15,22,68.18,109,1,0,94.7,1,6,4.95,5.86,5,38,7.60,0,0,0,0.0,0,0,0,0,0,0,0,0,0,0,0,68,100%,0,0%,0,0%,
34,2022,2022-09-11,1,1,24.193,MIA,,NWE,W 20-7,*,23,33,69.70,270,1,0,104.4,3,28,8.18,8.79,2,0,0.00,0,0,0,0.0,0,0,0,0,0,1,0,0,0,0,0,60,100%,0,0%,0,0%,
35,2022,2022-09-18,2,2,24.200,MIA,@,BAL,W 42-38,*,36,50,72.00,469,6,2,124.1,1,8,9.38,9.98,1,1,1.00,0,0,0,0.0,0,0,0,0,0,0,0,0,0,0,0,71,100%,0,0%,0,0%,
36,2022,2022-09-25,3,3,24.207,MIA,,BUF,W 21-19,*,13,18,72.22,186,1,0,123.8,1,7,10.33,11.44,1,0,0.00,0,0,0,0.0,0,0,0,0,0,0,0,0,0,0,0,40,93%,0,0%,0,0%,
37,2022,2022-09-29,4,4,24.211,MIA,@,CIN,L 15-27,*,8,14,57.14,110,0,1,52.7,1,10,7.86,4.64,0,0,,0,0,0,0.0,0,0,0,0,0,0,0,0,0,0,0,25,39%,0,0%,0,0%,
40,2022,2022-10-23,7,7,24.235,MIA,,PIT,W 16-10,*,21,35,60.00,261,1,0,92.7,0,0,7.46,8.03,4,15,3.75,0,0,0,0.0,0,0,0,0,0,0,0,0,0,0,0,62,100%,0,0%,0,0%,
41,2022,2022-10-30,8,8,24.242,MIA,@,DET,W 31-27,*,29,36,80.56,382,3,0,138.7,2,13,10.61,12.28,5,19,3.80,0,0,0,0.0,0,0,0,0,0,0,0,0,0,0,0,68,100%,0,0%,0,0%,
42,2022,2022-11-06,9,9,24.249,MIA,@,CHI,W 35-32,*,21,30,70.00,302,3,0,135.7,0,0,10.07,12.07,5,0,0.00,0,0,0,0.0,0,0,0,0,0,1,0,0,1,0,0,57,100%,0,0%,0,0%,
43,2022,2022-11-13,10,10,24.256,MIA,,CLE,W 39-17,*,25,32,78.13,285,3,0,135.0,0,0,8.91,10.78,1,0,0.00,0,0,0,0.0,0,0,0,0,0,0,0,0,1,0,0,62,90%,0,0%,0,0%,
44,2022,2022-11-27,11,12,24.270,MIA,,HOU,W 30-15,*,22,36,61.11,299,1,0,96.9,4,26,8.31,8.86,0,0,,0,0,0,0.0,0,0,0,0,0,0,0,0,0,0,0,55,72%,0,0%,0,0%,
45,2022,2022-12-04,12,13,24.277,MIA,@,SFO,L 17-33,*,18,33,54.55,295,2,2,79.7,3,20,8.94,7.42,0,0,,0,0,0,0.0,0,0,0,0,0,1,1,0,0,0,0,45,98%,0,0%,0,0%,
46,2022,2022-12-11,13,14,24.284,MIA,@,LAC,L 17-23,*,10,28,35.71,145,1,0,65.3,2,18,5.18,5.89,3,28,9.33,0,0,0,0.0,0,0,0,0,0,0,0,0,0,0,0,51,100%,0,0%,0,0%,
47,2022,2022-12-17,14,15,24.290,MIA,@,BUF,L 29-32,*,17,30,56.67,234,2,0,104.0,2,17,7.80,9.13,1,7,7.00,0,0,0,0.0,0,0,0,0,0,1,0,0,0,0,0,59,100%,0,0%,0,0%,
48,2022,2022-12-25,15,16,24.298,MIA,,GNB,L 20-26,*,16,25,64.00,310,1,3,80.8,2,16,12.40,7.80,1,0,0.00,0,0,0,0.0,0,0,0,0,0,2,0,0,1,0,0,50,100%,0,0%,0,0%,
51,2023,2023-09-10,1,1,25.192,MIA,@,LAC,W 36-34,*,28,45,62.22,466,3,1,110.0,0,0,10.36,10.69,5,5,1.00,0,0,0,0.0,0,0,0,0,0,2,1,0,1,-9,0,67,100%,0,0%,0,0%,
52,2023,2023-09-17,2,2,25.199,MIA,@,NWE,W 24-17,*,21,30,70.00,249,1,1,92.2,1,5,8.30,7.47,4,3,0.75,0,0,0,0.0,0,0,0,0,0,2,0,0,2,-4,0,63,100%,0,0%,0,0%,
53,2023,2023-09-24,3,3,25.206,MIA,,DEN,W 70-20,*,23,26,88.46,309,4,0,155.8,0,0,11.88,14.96,0,0,,0,0,0,0.0,0,0,0,0,0,0,0,0,0,0,0,58,79%,0,0%,0,0%,
54,2023,2023-10-01,4,4,25.213,MIA,@,BUF,L 20-48,*,25,35,71.43,282,1,1,92.8,4,31,8.06,7.34,2,7,3.50,0,0,0,0.0,0,0,0,0,0,1,0,0,2,0,0,65,100%,0,0%,0,0%,
55,2023,2023-10-08,5,5,25.220,MIA,,NYG,W 31-16,*,22,30,73.33,308,2,2,100.4,1,6,10.27,8.60,2,6,3.00,0,0,0,0.0,0,0,0,0,0,0,0,0,0,0,0,54,100%,0,0%,0,0%,
56,2023,2023-10-15,6,6,25.227,MIA,,CAR,W 42-21,*,21,31,67.74,262,3,0,126.0,0,0,8.45,10.39,1,0,0.00,0,0,0,0.0,0,0,0,0,0,1,0,0,0,-9,0,56,84%,0,0%,0,0%,
57,2023,2023-10-22,7,7,25.234,MIA,@,PHI,L 17-31,*,23,32,71.88,216,1,1,87.5,3,10,6.75,5.97,1,-3,-3.00,0,0,0,0.0,0,0,0,0,0,0,0,0,1,0,0,49,100%,0,0%,0,0%,
58,2023,2023-10-29,8,8,25.241,MIA,,NWE,W 31-17,*,30,45,66.67,324,3,1,100.6,2,12,7.20,7.53,6,8,1.33,0,0,0,0.0,0,0,0,0,0,1,1,0,0,-4,0,77,100%,0,0%,0,0%,
59,2023,2023-11-05,9,9,25.248,MIA,@,KAN,L 14-21,*,21,34,61.76,193,1,0,87.0,3,18,5.68,6.26,2,7,3.50,0,0,0,0.0,0,0,0,0,0,1,0,0,1,-13,0,63,100%,0,0%,0,0%,
60,2023,2023-11-19,10,11,25.262,MIA,,LVR,W 20-13,*,28,39,71.79,325,2,1,103.0,1,2,8.33,8.21,2,6,3.00,0,0,0,0.0,0,0,0,0,0,1,1,0,0,0,0,70,100%,0,0%,0,0%,
61,2023,2023-11-24,11,12,25.267,MIA,@,NYJ,W 34-13,*,21,30,70.00,243,1,2,77.5,2,15,8.10,5.77,2,1,0.50,0,0,0,0.0,0,0,0,0,0,1,1,0,0,-2,0,69,99%,0,0%,0,0%,
62,2023,2023-12-03,12,13,25.276,MIA,@,WAS,W 45-15,*,18,24,75.00,280,2,0,141.0,0,0,11.67,13.33,0,0,,0,0,0,0.0,0,0,0,0,0,0,0,0,0,0,0,48,79%,0,0%,0,0%,
63,2023,2023-12-11,13,14,25.284,MIA,,TEN,L 27-28,*,23,33,69.70,240,0,0,90.5,5,32,7.27,7.27,3,15,5.00,0,0,0,0.0,0,0,0,0,0,2,1,0,1,0,0,72,100%,0,0%,0,0%,
64,2023,2023-12-17,14,15,25.290,MIA,,NYJ,W 30-0,*,21,24,87.50,224,1,0,119.4,3,15,9.33,10.17,0,0,,0,0,0,0.0,0,0,0,0,0,0,0,0,0,0,0,53,87%,0,0%,0,0%,
65,2023,2023-12-24,15,16,25.297,MIA,,DAL,W 22-20,*,24,37,64.86,293,1,0,98.1,1,9,7.92,8.46,2,-2,-1.00,0,0,0,0.0,0,0,0,0,0,1,0,0,1,5,0,65,100%,0,0%,0,0%,
66,2023,2023-12-31,16,17,25.304,MIA,@,BAL,L 19-56,*,22,38,57.89,237,2,2,71.9,3,16,6.24,4.92,2,14,7.00,0,0,0,0.0,0,0,0,0,0,0,0,0,0,0,0,64,93%,0,0%,0,0%,
67,2023,2024-01-07,17,18,25.311,MIA,,BUF,L 14-21,*,17,27,62.96,173,1,2,62.7,0,0,6.41,3.81,1,7,7.00,0,0,0,0.0,0,0,0,0,0,0,0,0,0,0,0,52,100%,0,0%,0,0%,
68,2024,2024-09-08,1,1,26.190,MIA,,JAX,W 20-17,*,23,37,62.16,338,1,0,101.0,3,19,9.14,9.68,1,11,11.00,0,0,0,0.0,0,0,0,0,0,0,0,0,0,0,0,71,100%,0,0%,0,0%,
69,2024,2024-09-12,2,2,26.194,MIA,,BUF,L 10-31,*,17,25,68.00,145,1,3,56.7,1,6,5.80,1.20,2,17,8.50,0,0,0,0.0,0,0,0,0,0,0,0,0,0,0,0,55,72%,0,0%,0,0%,